# unix_time, cycles_done, cur_path, paths_total, pending_total, pending_favs, map_size, unique_crashes, unique_hangs, max_depth, execs_per_sec
1619695813, 0, 0, 1, 1, 1, 0.77%, 0, 0, 1, 17.54
1619695818, 0, 0, 4, 4, 1, 0.80%, 0, 0, 2, 39.55
1619695823, 0, 0, 5, 5, 1, 0.80%, 0, 0, 2, 24.72
1619695926, 0, 0, 6, 6, 1, 0.80%, 0, 0, 2, 12.93
1619696048, 0, 0, 7, 7, 1, 0.81%, 0, 0, 2, 223.08
1619696156, 0, 0, 8, 8, 1, 0.81%, 0, 0, 2, 13.51
1619696243, 0, 0, 9, 9, 1, 0.81%, 0, 0, 2, 14.19
1619696258, 0, 0, 10, 10, 1, 0.81%, 0, 0, 2, 13.25
1619696345, 0, 0, 11, 11, 1, 0.81%, 0, 0, 2, 13.38
1619696478, 0, 0, 12, 12, 1, 0.81%, 0, 0, 2, 13.41
1619697094, 0, 0, 13, 13, 1, 0.81%, 0, 0, 2, 13.11
1619698210, 0, 0, 24, 24, 1, 0.85%, 0, 0, 2, 130.61
1619698215, 0, 0, 30, 30, 1, 0.85%, 0, 0, 2, 12.35
1619699269, 0, 0, 31, 31, 1, 0.86%, 0, 0, 2, 11.29
1619699755, 0, 0, 32, 32, 1, 0.87%, 0, 0, 2, 13.45
1619699766, 0, 0, 33, 33, 1, 0.87%, 0, 0, 2, 13.56
1619700047, 0, 0, 34, 34, 1, 0.87%, 0, 0, 2, 12.49
1619700916, 0, 0, 37, 37, 1, 0.88%, 0, 0, 2, 256.75
1619700931, 0, 0, 38, 38, 1, 0.88%, 0, 0, 2, 25.79
1619700936, 0, 0, 50, 50, 1, 1.23%, 1, 0, 2, 117.71
1619700942, 0, 0, 56, 56, 1, 1.54%, 2, 0, 2, 89.49
1619700947, 0, 0, 61, 61, 1, 1.55%, 2, 0, 2, 12.90
1619700952, 0, 0, 64, 64, 1, 1.55%, 2, 0, 2, 149.18
1619700957, 0, 0, 73, 73, 1, 1.62%, 2, 0, 2, 31.41
1619700962, 0, 0, 75, 75, 1, 1.71%, 2, 0, 2, 127.03
1619700967, 0, 0, 77, 77, 1, 1.80%, 2, 0, 2, 107.49
1619700972, 0, 0, 79, 79, 1, 1.80%, 2, 0, 2, 13.25
1619703413, 0, 0, 80, 80, 1, 1.80%, 2, 0, 2, 12.94
1619703438, 0, 0, 81, 81, 1, 1.81%, 2, 0, 2, 14.17
1619745258, 0, 2, 81, 80, 35, 1.81%, 2, 0, 2, 789.84
1619745284, 0, 3, 81, 79, 34, 1.81%, 2, 0, 2, 337.70
1619745827, 0, 3, 82, 80, 34, 1.81%, 2, 0, 3, 259.35
1619745862, 0, 6, 83, 80, 34, 1.81%, 2, 0, 3, 639.95
1619745867, 0, 6, 84, 81, 34, 1.81%, 2, 0, 3, 1004.27
1619745878, 0, 6, 85, 82, 34, 1.81%, 2, 0, 3, 407.42
1619745928, 0, 8, 85, 81, 31, 1.81%, 2, 0, 3, 14.04
1619750966, 0, 8, 86, 82, 31, 1.81%, 3, 0, 3, 114.94
1619795865, 0, 16, 86, 81, 30, 1.81%, 3, 0, 3, 145.25
1619795992, 0, 16, 88, 83, 30, 1.81%, 3, 0, 3, 102.05
1619795997, 0, 16, 89, 84, 30, 1.82%, 3, 0, 3, 115.64
1619796007, 0, 16, 90, 85, 30, 1.82%, 3, 0, 3, 19.61
1619796018, 0, 16, 93, 88, 30, 1.82%, 3, 0, 3, 128.73
1619796043, 0, 16, 94, 89, 30, 1.82%, 3, 0, 3, 122.89
1619796929, 0, 25, 94, 88, 32, 1.82%, 3, 0, 3, 287.75
1619797001, 0, 25, 95, 89, 32, 1.82%, 3, 0, 3, 108.21
1619797416, 0, 30, 95, 88, 31, 1.82%, 3, 0, 3, 13.48
1619800257, 0, 30, 96, 89, 31, 1.82%, 3, 0, 3, 13.86
1619802365, 0, 30, 96, 89, 31, 1.82%, 4, 0, 3, 125.63
