# unix_time, cycles_done, cur_path, paths_total, pending_total, pending_favs, map_size, unique_crashes, unique_hangs, max_depth, execs_per_sec
1618922002, 0, 0, 1, 1, 1, 0.02%, 0, 0, 1, 0.50
1618922007, 0, 0, 6, 6, 1, 0.04%, 1, 0, 2, 74.33
1618922012, 0, 0, 13, 13, 1, 0.04%, 1, 0, 2, 76.50
1618922017, 0, 0, 14, 14, 1, 0.04%, 1, 0, 2, 76.19
1618922022, 0, 0, 16, 16, 1, 0.04%, 1, 0, 2, 75.95
1618922028, 0, 0, 17, 17, 1, 0.04%, 1, 0, 2, 76.45
1618922038, 0, 0, 18, 18, 1, 0.04%, 1, 0, 2, 75.77
1618922043, 0, 0, 22, 22, 1, 0.04%, 1, 0, 2, 79.32
1618922048, 0, 0, 24, 24, 1, 0.04%, 1, 0, 2, 75.66
1618922074, 0, 0, 27, 27, 1, 0.04%, 1, 0, 2, 77.07
1618922079, 0, 0, 28, 28, 1, 0.04%, 1, 0, 2, 76.46
1618922105, 0, 0, 29, 29, 1, 0.04%, 1, 0, 2, 77.60
1618922115, 0, 0, 31, 31, 1, 0.04%, 1, 0, 2, 85.73
1618922120, 0, 0, 32, 32, 1, 0.04%, 1, 0, 2, 72.18
1618922125, 0, 0, 34, 34, 1, 0.04%, 1, 0, 2, 79.53
1618922130, 0, 0, 36, 36, 1, 0.04%, 1, 0, 2, 83.18
1618922136, 0, 0, 37, 37, 1, 0.04%, 1, 0, 2, 80.13
1618922141, 0, 0, 38, 38, 1, 0.04%, 1, 0, 2, 79.73
1618922202, 0, 0, 39, 39, 1, 0.04%, 1, 0, 2, 74.55
1618922223, 0, 0, 40, 40, 1, 0.04%, 1, 0, 2, 75.18
1618922249, 0, 0, 41, 41, 1, 0.04%, 1, 0, 2, 75.69
1618922269, 0, 0, 42, 42, 1, 0.04%, 1, 0, 2, 79.30
1618922326, 0, 0, 45, 45, 1, 0.04%, 1, 0, 2, 69.59
1618922331, 0, 0, 50, 50, 1, 0.04%, 1, 0, 2, 65.55
1618922455, 0, 0, 52, 52, 1, 0.04%, 1, 0, 2, 69.70
1618922558, 0, 0, 53, 53, 1, 0.04%, 1, 0, 2, 76.52
1618922609, 0, 0, 55, 55, 1, 0.04%, 1, 0, 2, 118.33
1618922615, 0, 0, 60, 60, 1, 0.04%, 1, 0, 2, 63.51
1618922620, 0, 0, 64, 64, 1, 0.04%, 1, 0, 2, 53.27
1618922625, 0, 0, 69, 69, 1, 0.05%, 1, 0, 2, 63.13
1618922630, 0, 0, 72, 72, 1, 0.05%, 1, 0, 2, 77.01
1618922635, 0, 0, 74, 74, 1, 0.05%, 1, 0, 2, 83.83
1618922651, 0, 0, 75, 75, 1, 0.05%, 1, 0, 2, 86.50
1618922671, 0, 0, 79, 79, 1, 0.05%, 1, 0, 2, 77.93
