# unix_time, cycles_done, cur_path, paths_total, pending_total, pending_favs, map_size, unique_crashes, unique_hangs, max_depth, execs_per_sec
1620112220, 0, 0, 1, 1, 1, 1.03%, 0, 0, 1, 5.53
1620112226, 0, 0, 26, 26, 1, 1.55%, 0, 0, 2, 142.69
1620112231, 0, 0, 29, 29, 1, 1.55%, 0, 0, 2, 147.45
1620112236, 0, 0, 31, 31, 1, 1.55%, 0, 0, 2, 143.14
1620112241, 0, 0, 40, 40, 1, 1.60%, 0, 0, 2, 145.74
1620112256, 0, 0, 47, 47, 1, 1.62%, 0, 0, 2, 146.23
1620112266, 0, 0, 49, 49, 1, 1.63%, 0, 0, 2, 144.28
1620112272, 0, 0, 55, 55, 1, 1.63%, 0, 0, 2, 166.16
1620112277, 0, 0, 68, 68, 1, 1.70%, 0, 0, 2, 156.18
1620112282, 0, 0, 72, 72, 1, 1.70%, 0, 0, 2, 146.33
1620112292, 0, 0, 74, 74, 1, 1.70%, 0, 0, 2, 146.07
1620112297, 0, 0, 75, 75, 1, 1.70%, 0, 0, 2, 144.48
1620112302, 0, 0, 76, 76, 1, 1.70%, 0, 0, 2, 148.17
1620112312, 0, 0, 77, 77, 1, 1.70%, 0, 0, 2, 148.76
1620112333, 0, 0, 78, 78, 1, 1.70%, 0, 0, 2, 144.62
1620112338, 0, 0, 80, 80, 1, 1.71%, 0, 0, 2, 145.78
1620112343, 0, 0, 83, 83, 1, 1.72%, 0, 0, 2, 152.37
1620112354, 0, 0, 84, 84, 1, 1.72%, 0, 0, 2, 149.31
1620112384, 0, 0, 89, 89, 1, 1.72%, 0, 0, 2, 162.88
1620112440, 0, 0, 111, 111, 1, 1.73%, 0, 0, 2, 178.59
1620112445, 0, 0, 112, 112, 1, 1.73%, 0, 0, 2, 159.68
1620112450, 0, 0, 118, 118, 1, 1.73%, 0, 0, 2, 156.50
1620112455, 0, 0, 127, 127, 1, 1.74%, 0, 0, 2, 150.96
1620112460, 0, 0, 128, 128, 1, 1.74%, 0, 0, 2, 146.79
1620112466, 0, 0, 132, 132, 1, 1.74%, 0, 0, 2, 142.42
1620112527, 0, 0, 133, 133, 1, 1.74%, 0, 0, 2, 142.59
1620112568, 0, 0, 134, 134, 1, 1.74%, 0, 0, 2, 146.09
1620112624, 0, 0, 135, 135, 1, 1.75%, 0, 0, 2, 145.60
1620112701, 0, 0, 136, 136, 1, 1.75%, 0, 0, 2, 165.48
1620112706, 0, 0, 137, 137, 1, 1.76%, 0, 0, 2, 362.96
1620112717, 0, 0, 140, 140, 1, 1.76%, 0, 0, 2, 171.69
1620112722, 0, 0, 152, 152, 1, 1.84%, 0, 0, 2, 155.15
1620112727, 0, 0, 165, 165, 1, 1.84%, 0, 0, 2, 149.20
1620112732, 0, 0, 173, 173, 1, 1.93%, 0, 0, 2, 143.27
1620112737, 0, 0, 181, 181, 1, 1.93%, 0, 0, 2, 141.45
1620112747, 0, 0, 182, 182, 1, 1.93%, 0, 0, 2, 146.54
1620112778, 0, 0, 183, 183, 1, 1.93%, 0, 0, 2, 148.61
1620112783, 0, 0, 185, 185, 1, 1.94%, 0, 0, 2, 145.50
1620114752, 0, 0, 188, 188, 1, 1.94%, 0, 0, 2, 157.42
1620114772, 0, 0, 195, 195, 1, 1.94%, 0, 0, 2, 158.81
1620114778, 0, 0, 206, 206, 1, 1.94%, 0, 0, 2, 167.67
1620114783, 0, 0, 214, 214, 1, 1.94%, 0, 0, 2, 173.04
1620114788, 0, 0, 217, 217, 1, 1.94%, 0, 0, 2, 169.19
1620114793, 0, 0, 218, 218, 1, 1.94%, 0, 0, 2, 178.59
1620114798, 0, 0, 223, 223, 1, 1.94%, 0, 0, 2, 182.60
1620114803, 0, 0, 225, 225, 1, 1.94%, 0, 0, 2, 175.27
1620114808, 0, 0, 227, 227, 1, 1.94%, 0, 0, 2, 175.91
1620114823, 0, 0, 229, 229, 1, 1.94%, 0, 0, 2, 177.22
1620114828, 0, 0, 232, 232, 1, 1.94%, 0, 0, 2, 176.33
1620114844, 0, 0, 233, 233, 1, 1.94%, 0, 0, 2, 172.93
1620114849, 0, 0, 234, 234, 1, 1.94%, 0, 0, 2, 170.38
1620114859, 0, 0, 235, 235, 1, 1.94%, 0, 0, 2, 177.07
1620114874, 0, 0, 237, 237, 1, 1.94%, 0, 0, 2, 179.43
1620114879, 0, 0, 238, 238, 1, 2.26%, 0, 0, 2, 187.98
1620114889, 0, 0, 241, 241, 1, 2.26%, 0, 0, 2, 187.35
1620114899, 0, 0, 243, 243, 1, 2.26%, 0, 0, 2, 179.45
1620114919, 0, 0, 244, 244, 1, 2.26%, 0, 0, 2, 176.03
1620114929, 0, 0, 245, 245, 1, 2.26%, 0, 0, 2, 177.73
1620114945, 0, 0, 247, 247, 1, 2.26%, 0, 0, 2, 180.06
1620114955, 0, 0, 248, 248, 1, 2.26%, 0, 0, 2, 179.13
1620114960, 0, 4, 248, 247, 55, 2.26%, 0, 0, 2, 169.87
1620114975, 0, 4, 249, 248, 55, 2.28%, 0, 0, 3, 84.58
1620115097, 0, 12, 249, 247, 53, 2.28%, 0, 0, 3, 209.24
1620115235, 0, 14, 250, 247, 52, 2.28%, 0, 0, 3, 196.48
1620115270, 0, 14, 251, 248, 52, 2.29%, 0, 0, 3, 154.99
1620115275, 0, 14, 252, 249, 52, 2.29%, 0, 0, 3, 147.72
1620115326, 0, 14, 253, 250, 52, 2.29%, 0, 0, 3, 158.87
1620115367, 0, 18, 253, 249, 50, 2.29%, 0, 0, 3, 213.20
1620117880, 0, 18, 254, 250, 50, 2.29%, 0, 0, 3, 167.37
1620117890, 0, 24, 254, 249, 48, 2.29%, 0, 0, 3, 179.67
1620120391, 0, 33, 254, 248, 48, 2.29%, 0, 0, 3, 175.53
1620120396, 0, 33, 255, 249, 48, 2.29%, 0, 0, 3, 173.70
1620120401, 0, 33, 256, 250, 48, 2.29%, 0, 0, 3, 168.83
1620120406, 0, 33, 257, 251, 48, 2.29%, 0, 0, 3, 206.00
1620120431, 0, 33, 258, 252, 48, 2.29%, 0, 0, 3, 164.92
1620120442, 0, 33, 259, 253, 48, 2.29%, 0, 0, 3, 152.61
1620120528, 0, 43, 259, 252, 48, 2.29%, 0, 0, 3, 213.31
1620120650, 0, 43, 261, 254, 48, 2.29%, 0, 0, 3, 158.05
1620120660, 0, 45, 261, 253, 47, 2.29%, 0, 0, 3, 244.41
1620120665, 0, 45, 263, 255, 47, 2.30%, 0, 0, 3, 187.03
1620120792, 0, 49, 263, 254, 46, 2.30%, 0, 0, 3, 241.24
1620122329, 0, 49, 264, 255, 46, 2.30%, 0, 0, 3, 189.22
1620122334, 0, 49, 265, 256, 46, 2.30%, 0, 0, 3, 198.49
1620122344, 0, 49, 266, 257, 46, 2.30%, 0, 0, 3, 193.55
1620122360, 0, 49, 267, 258, 46, 2.30%, 0, 0, 3, 193.16
1620122375, 0, 49, 268, 259, 46, 2.30%, 0, 0, 3, 196.99
1620122426, 0, 49, 269, 260, 46, 2.30%, 0, 0, 3, 190.22
1620122431, 0, 49, 270, 261, 46, 2.30%, 0, 0, 3, 192.85
1620122436, 0, 49, 271, 262, 46, 2.30%, 0, 0, 3, 192.40
1620122461, 0, 49, 272, 263, 46, 2.30%, 0, 0, 3, 199.74
1620122487, 0, 49, 273, 264, 46, 2.30%, 0, 0, 3, 191.92
1620122492, 0, 56, 273, 263, 46, 2.30%, 0, 0, 3, 196.35
1620122633, 0, 57, 273, 262, 44, 2.30%, 0, 0, 3, 186.64
1620122684, 0, 57, 275, 264, 44, 2.30%, 0, 0, 3, 145.74
1620122776, 0, 59, 275, 263, 42, 2.30%, 0, 0, 3, 232.41
1620122817, 0, 59, 276, 264, 42, 2.30%, 0, 0, 3, 149.24
1620122909, 0, 62, 276, 263, 41, 2.30%, 0, 0, 3, 258.25
1620122914, 0, 62, 278, 265, 41, 2.30%, 1, 0, 3, 199.99
1620122929, 0, 62, 279, 266, 41, 2.30%, 1, 0, 3, 304.77
1620122949, 0, 62, 280, 267, 41, 2.31%, 1, 0, 3, 162.89
1620122954, 0, 62, 282, 269, 41, 2.31%, 1, 0, 3, 148.97
1620122960, 0, 62, 283, 270, 41, 2.31%, 1, 0, 3, 147.08
1620122965, 0, 62, 284, 271, 41, 2.31%, 1, 0, 3, 140.74
1620123036, 0, 62, 285, 272, 41, 2.31%, 1, 0, 3, 152.00
1620123046, 0, 68, 285, 271, 41, 2.31%, 1, 0, 3, 233.05
1620123107, 0, 68, 286, 272, 41, 2.31%, 1, 0, 3, 146.81
1620123547, 0, 68, 287, 273, 41, 2.31%, 1, 0, 3, 144.78
1620123629, 0, 68, 288, 274, 41, 2.31%, 1, 0, 3, 143.12
1620123634, 0, 68, 292, 278, 41, 2.33%, 1, 0, 3, 145.86
1620125602, 0, 68, 293, 279, 41, 2.33%, 1, 0, 3, 167.47
1620125612, 0, 77, 293, 278, 45, 2.33%, 1, 0, 3, 161.86
1620125740, 0, 77, 294, 279, 45, 2.33%, 1, 0, 3, 146.35
1620128132, 0, 80, 294, 278, 45, 2.33%, 1, 0, 3, 183.31
1620128228, 0, 82, 294, 277, 44, 2.33%, 1, 0, 3, 240.78
1620128325, 0, 83, 294, 276, 43, 2.33%, 1, 0, 3, 254.17
1620128426, 0, 99, 294, 275, 42, 2.33%, 1, 0, 3, 197.70
1620128523, 0, 99, 295, 276, 42, 2.33%, 1, 0, 3, 165.19
1620128746, 0, 116, 295, 275, 41, 2.33%, 1, 0, 3, 178.82
1620129071, 0, 116, 296, 276, 41, 2.34%, 1, 0, 3, 226.84
1620129076, 0, 124, 296, 275, 41, 2.34%, 1, 0, 3, 233.55
1620129306, 0, 124, 297, 276, 41, 2.34%, 1, 0, 3, 150.79
1620131581, 0, 126, 297, 275, 41, 2.34%, 1, 0, 3, 154.95
1620131825, 0, 126, 298, 276, 41, 2.34%, 1, 0, 3, 146.17
1620134022, 0, 130, 298, 275, 41, 2.34%, 1, 0, 3, 178.95
1620134318, 0, 130, 299, 276, 41, 2.34%, 1, 0, 3, 148.38
1620136519, 0, 130, 300, 277, 41, 2.34%, 1, 0, 3, 161.86
1620136530, 0, 136, 300, 276, 40, 2.34%, 1, 0, 3, 176.80
1620136555, 0, 136, 301, 277, 40, 2.36%, 1, 0, 3, 202.51
1620136739, 0, 146, 301, 276, 41, 2.36%, 1, 0, 3, 16.32
1620136744, 0, 146, 303, 278, 41, 2.36%, 1, 0, 3, 16.59
1620136749, 0, 146, 304, 279, 41, 2.37%, 1, 0, 3, 165.04
1620136759, 0, 146, 305, 280, 41, 2.37%, 1, 0, 3, 12.68
1620136780, 0, 146, 307, 282, 41, 2.37%, 1, 0, 3, 20.34
1620136800, 0, 146, 308, 283, 41, 2.37%, 1, 0, 3, 12.20
1620136831, 0, 146, 309, 284, 41, 2.37%, 1, 0, 3, 151.96
1620136846, 0, 146, 310, 285, 41, 2.37%, 1, 0, 3, 166.18
1620136887, 0, 146, 311, 286, 41, 2.37%, 1, 0, 3, 146.95
1620136897, 0, 146, 313, 288, 41, 2.37%, 1, 0, 3, 13.69
1620136907, 0, 146, 314, 289, 41, 2.37%, 1, 0, 3, 11.76
1620136948, 0, 146, 315, 290, 41, 2.45%, 1, 0, 3, 13.59
1620136964, 0, 146, 316, 291, 41, 2.45%, 1, 0, 3, 12.61
1620137015, 0, 146, 317, 292, 41, 2.46%, 1, 0, 3, 14.92
1620137142, 0, 146, 319, 294, 41, 2.46%, 1, 0, 3, 248.60
1620137153, 0, 168, 319, 293, 46, 2.46%, 1, 0, 3, 264.67
1620137218, 0, 168, 321, 295, 46, 2.46%, 1, 0, 3, 146.75
1620137402, 0, 168, 322, 296, 46, 2.46%, 1, 0, 3, 250.41
1620137407, 0, 172, 322, 295, 45, 2.46%, 2, 0, 3, 240.27
1620137412, 0, 172, 323, 296, 45, 2.46%, 2, 0, 3, 160.65
1620137422, 0, 172, 324, 297, 45, 2.46%, 2, 0, 3, 148.15
1620137468, 0, 172, 325, 298, 45, 2.46%, 2, 0, 3, 146.12
1620137473, 0, 172, 326, 299, 45, 2.46%, 2, 0, 3, 146.35
1620137494, 0, 172, 327, 300, 45, 2.46%, 2, 0, 3, 144.95
1620137504, 0, 172, 328, 301, 45, 2.46%, 2, 0, 3, 145.53
1620137648, 0, 172, 329, 302, 45, 2.46%, 2, 0, 3, 149.52
1620137934, 0, 172, 330, 303, 45, 2.46%, 2, 0, 3, 165.44
1620138041, 0, 172, 331, 304, 45, 2.46%, 2, 0, 3, 147.09
1620138057, 0, 172, 332, 305, 45, 2.46%, 2, 0, 3, 152.58
1620140111, 0, 172, 333, 306, 45, 2.46%, 2, 0, 3, 159.51
1620140141, 0, 172, 335, 308, 45, 2.46%, 2, 0, 3, 157.87
1620140146, 0, 172, 336, 309, 45, 2.46%, 2, 0, 3, 171.31
1620140151, 0, 172, 337, 310, 45, 2.46%, 2, 0, 3, 176.78
1620140156, 0, 172, 338, 311, 45, 2.47%, 2, 0, 3, 180.14
1620140161, 0, 172, 339, 312, 45, 2.47%, 2, 0, 3, 179.15
1620140166, 0, 172, 340, 313, 45, 2.47%, 2, 0, 3, 174.02
1620140196, 0, 172, 341, 314, 45, 2.47%, 2, 0, 3, 178.74
1620140207, 0, 172, 342, 315, 45, 2.47%, 2, 0, 3, 180.77
1620140222, 0, 172, 343, 316, 45, 2.47%, 2, 0, 3, 183.19
1620140232, 0, 172, 346, 319, 45, 2.47%, 2, 0, 3, 173.26
1620140262, 0, 172, 347, 320, 45, 2.47%, 2, 0, 3, 173.71
1620140268, 0, 172, 348, 321, 45, 2.47%, 2, 0, 3, 170.18
1620140283, 0, 172, 350, 323, 45, 2.47%, 2, 0, 3, 183.29
1620140293, 0, 172, 351, 324, 45, 2.47%, 2, 0, 3, 184.08
1620140308, 0, 172, 352, 325, 45, 2.47%, 2, 0, 3, 177.30
1620140318, 0, 172, 353, 326, 45, 2.47%, 2, 0, 3, 180.39
1620140323, 0, 172, 354, 327, 45, 2.47%, 2, 0, 3, 180.62
1620140329, 0, 174, 354, 326, 49, 2.47%, 2, 0, 3, 153.07
1620140848, 0, 174, 355, 327, 49, 2.60%, 2, 0, 3, 163.86
1620143082, 0, 193, 355, 326, 46, 2.60%, 2, 0, 3, 194.55
1620143327, 0, 210, 355, 325, 45, 2.60%, 2, 0, 3, 207.30
1620143652, 0, 212, 355, 324, 45, 2.60%, 2, 0, 3, 231.46
1620143784, 0, 212, 356, 325, 45, 2.60%, 2, 0, 3, 156.50
1620143804, 0, 212, 357, 326, 45, 2.60%, 2, 0, 3, 156.58
1620143824, 0, 228, 357, 325, 44, 2.60%, 2, 0, 3, 219.13
1620143895, 0, 228, 357, 325, 44, 2.60%, 3, 0, 3, 155.70
1620145001, 0, 237, 357, 324, 43, 2.60%, 3, 0, 3, 185.49
1620145006, 0, 237, 361, 328, 43, 2.61%, 3, 0, 3, 162.20
1620145012, 0, 237, 362, 329, 43, 2.61%, 3, 0, 3, 152.25
1620145032, 0, 237, 363, 330, 43, 2.61%, 3, 0, 3, 154.39
1620145098, 0, 237, 364, 331, 43, 2.61%, 3, 0, 3, 136.08
1620145312, 0, 240, 364, 330, 44, 2.61%, 3, 0, 3, 190.12
1620146594, 0, 240, 365, 331, 44, 2.61%, 3, 0, 3, 162.15
1620146605, 0, 245, 365, 330, 43, 2.61%, 3, 0, 3, 195.52
1620149165, 0, 245, 367, 332, 43, 2.61%, 3, 0, 3, 169.06
1620149185, 0, 246, 367, 331, 42, 2.61%, 4, 0, 3, 178.31
1620149190, 0, 246, 368, 332, 42, 2.61%, 4, 0, 3, 174.93
1620149231, 0, 246, 369, 333, 42, 2.63%, 4, 0, 3, 156.41
1620149281, 0, 246, 370, 334, 42, 2.63%, 4, 0, 3, 148.15
1620149317, 0, 246, 371, 335, 42, 2.63%, 4, 0, 3, 232.34
1620149322, 0, 247, 371, 334, 43, 2.63%, 4, 0, 3, 270.26
1620149327, 0, 247, 372, 335, 43, 2.63%, 4, 0, 3, 176.21
1620151961, 0, 247, 373, 336, 43, 2.63%, 4, 0, 3, 175.86
1620151972, 0, 248, 373, 335, 42, 2.63%, 4, 0, 3, 11.47
