# unix_time, cycles_done, cur_path, paths_total, pending_total, pending_favs, map_size, unique_crashes, unique_hangs, max_depth, execs_per_sec
1612232039, 0, 0, 2, 2, 2, 0.81%, 0, 0, 1, 57.35
1612232044, 0, 0, 8, 8, 2, 0.83%, 0, 0, 2, 50.42
1612232049, 0, 0, 9, 9, 2, 0.83%, 0, 0, 2, 59.78
1612232054, 0, 0, 11, 11, 2, 0.84%, 0, 0, 2, 50.40
1612232059, 0, 0, 12, 12, 2, 0.84%, 0, 0, 2, 49.95
1612232064, 0, 0, 13, 13, 2, 0.84%, 0, 0, 2, 46.29
1612232069, 0, 0, 14, 14, 2, 0.84%, 0, 0, 2, 39.49
1612232131, 0, 0, 15, 15, 2, 0.84%, 0, 0, 2, 16.68
1612232228, 0, 0, 22, 22, 2, 0.86%, 0, 0, 2, 171.08
1612232233, 0, 0, 24, 24, 2, 0.86%, 0, 0, 2, 17.04
1612232345, 0, 0, 25, 25, 2, 0.86%, 0, 0, 2, 264.64
1612232350, 0, 0, 27, 27, 2, 0.87%, 0, 0, 2, 226.36
1612232355, 0, 0, 28, 28, 2, 0.87%, 0, 0, 2, 183.04
1612232360, 0, 0, 29, 29, 2, 0.87%, 0, 0, 2, 159.86
1612232365, 0, 0, 38, 38, 2, 0.92%, 0, 0, 2, 80.49
1612232371, 0, 0, 48, 48, 2, 1.32%, 2, 0, 2, 115.62
1612232376, 0, 0, 52, 52, 2, 1.54%, 2, 0, 2, 62.03
1612232381, 0, 0, 60, 60, 2, 1.54%, 2, 0, 2, 17.24
1612232386, 0, 0, 66, 66, 2, 1.56%, 2, 0, 2, 127.09
1612232392, 0, 0, 69, 69, 2, 1.62%, 2, 0, 2, 1.51
1612232417, 0, 0, 74, 74, 2, 1.71%, 2, 0, 2, 125.73
1612232422, 0, 0, 76, 76, 2, 1.79%, 2, 0, 2, 127.12
1612232427, 0, 0, 80, 80, 2, 1.79%, 2, 0, 2, 17.28
1612233573, 0, 0, 81, 81, 2, 1.80%, 2, 0, 2, 16.58
1612233588, 0, 0, 82, 82, 2, 1.80%, 2, 0, 2, 16.64
1612233599, 0, 0, 84, 84, 2, 1.82%, 2, 0, 2, 16.63
1612233639, 0, 0, 85, 85, 2, 1.82%, 2, 0, 2, 16.68
1612236372, 0, 0, 86, 86, 2, 1.82%, 2, 0, 2, 16.58
1612236903, 0, 0, 88, 88, 2, 1.82%, 2, 0, 2, 101.70
1612236924, 0, 1, 88, 87, 36, 1.82%, 2, 0, 2, 105.85
1612237179, 0, 1, 89, 88, 36, 1.84%, 2, 0, 2, 147.06
1612237490, 0, 1, 89, 88, 36, 1.84%, 3, 0, 2, 157.95
1612237495, 0, 1, 90, 89, 36, 1.84%, 3, 0, 2, 106.94
1612237853, 0, 1, 91, 90, 36, 1.84%, 3, 0, 2, 95.44
1612242308, 0, 1, 92, 91, 36, 1.84%, 3, 0, 2, 171.04
1612242318, 0, 2, 92, 90, 37, 1.84%, 3, 0, 2, 212.93
1612242582, 0, 3, 92, 89, 36, 1.84%, 3, 0, 2, 406.76
1612242846, 0, 6, 92, 88, 35, 1.84%, 3, 0, 2, 16.52
1612246940, 0, 8, 93, 88, 34, 1.84%, 3, 0, 3, 273.58
1612246960, 0, 8, 94, 89, 34, 1.84%, 3, 0, 3, 325.64
1612247016, 0, 11, 94, 88, 33, 1.84%, 3, 0, 3, 106.56
1612247113, 0, 11, 94, 88, 33, 1.84%, 4, 0, 3, 89.98
1612248493, 0, 11, 95, 89, 33, 1.84%, 4, 0, 3, 162.04
1612248498, 0, 21, 95, 88, 34, 1.84%, 4, 0, 3, 194.18
1612248559, 0, 21, 96, 89, 34, 1.84%, 4, 0, 3, 97.23
1612248564, 0, 21, 97, 90, 34, 1.84%, 4, 0, 3, 113.65
1612248580, 0, 21, 98, 91, 34, 1.84%, 4, 0, 3, 123.22
1612248585, 0, 21, 101, 94, 34, 1.84%, 4, 0, 3, 126.88
1612248630, 0, 21, 102, 95, 34, 1.84%, 4, 0, 3, 130.28
1612248956, 0, 23, 102, 94, 35, 1.84%, 4, 0, 3, 303.33
1612249002, 0, 23, 103, 95, 35, 1.84%, 4, 0, 3, 121.54
1612249109, 0, 25, 103, 94, 33, 1.84%, 4, 0, 3, 15.44
1612254543, 0, 26, 103, 93, 32, 1.84%, 4, 0, 3, 16.23
1612255426, 0, 31, 103, 92, 31, 1.84%, 4, 0, 3, 287.72
1612255502, 0, 31, 104, 93, 31, 1.84%, 4, 0, 3, 103.85
1612255807, 0, 35, 105, 93, 30, 1.84%, 4, 0, 3, 93.25
1612258262, 0, 36, 105, 92, 29, 1.84%, 4, 0, 3, 161.66
1612258338, 0, 36, 106, 93, 29, 1.84%, 4, 0, 3, 59.13
1612258343, 0, 36, 108, 95, 29, 1.85%, 4, 0, 3, 120.06
1612258349, 0, 36, 109, 96, 29, 1.85%, 4, 0, 3, 134.15
1612259161, 0, 36, 110, 97, 29, 1.85%, 5, 1, 3, 0.01
1612261359, 0, 40, 110, 96, 31, 1.85%, 5, 1, 3, 203.84
1612261364, 0, 40, 111, 97, 31, 1.85%, 5, 1, 3, 191.53
1612262279, 0, 40, 113, 99, 31, 1.85%, 5, 1, 3, 0.02
1612266266, 0, 41, 113, 98, 31, 1.85%, 5, 1, 3, 296.60
1612266276, 0, 41, 114, 99, 31, 1.85%, 5, 1, 3, 95.52
1612270566, 0, 41, 116, 101, 31, 1.86%, 5, 1, 3, 108.73
1612271659, 0, 41, 118, 103, 31, 1.86%, 5, 1, 3, 416.05
1612271665, 0, 42, 118, 102, 32, 1.86%, 5, 1, 3, 368.96
1612272705, 0, 42, 120, 104, 32, 1.86%, 5, 1, 3, 285.34
1612272715, 0, 43, 120, 103, 31, 1.86%, 5, 1, 3, 174.30
1612272720, 0, 43, 121, 104, 31, 1.86%, 5, 1, 3, 805.00
1612273020, 0, 43, 122, 105, 31, 1.86%, 5, 1, 3, 123.63
1612273061, 0, 43, 123, 106, 31, 1.86%, 5, 1, 3, 18.04
1612273086, 0, 43, 124, 107, 31, 1.86%, 5, 1, 3, 18.51
1612273168, 0, 43, 125, 108, 31, 1.86%, 5, 1, 3, 21.88
1612273209, 0, 43, 126, 109, 31, 1.86%, 5, 1, 3, 48.86
1612273763, 0, 44, 126, 108, 31, 1.86%, 5, 1, 3, 196.16
1612274656, 0, 44, 126, 108, 31, 1.86%, 6, 2, 3, 0.02
