# unix_time, cycles_done, cur_path, paths_total, pending_total, pending_favs, map_size, unique_crashes, unique_hangs, max_depth, execs_per_sec
1630583956, 0, 0, 1, 1, 1, 0.03%, 0, 0, 1, 0.12
1630583977, 0, 0, 4, 4, 1, 0.03%, 0, 0, 2, 3.15
1630583992, 0, 0, 5, 5, 1, 0.03%, 0, 0, 2, 3.13
1630584073, 0, 0, 6, 6, 1, 0.03%, 0, 0, 2, 3.18
1630584078, 0, 0, 7, 7, 1, 0.03%, 0, 0, 2, 3.19
1630584155, 0, 0, 8, 8, 1, 0.03%, 0, 0, 2, 3.19
1630584186, 0, 0, 9, 9, 1, 0.03%, 0, 0, 2, 154.79
1630584283, 0, 0, 10, 10, 1, 0.03%, 0, 0, 2, 2.97
1630584395, 0, 0, 11, 11, 1, 0.03%, 0, 0, 2, 3.14
1630584452, 0, 0, 12, 12, 1, 0.03%, 0, 0, 2, 3.15
1630584529, 0, 0, 13, 13, 1, 0.03%, 0, 0, 2, 2.96
1630584616, 0, 0, 14, 14, 1, 0.03%, 0, 0, 2, 3.13
1630584693, 0, 0, 15, 15, 1, 0.03%, 0, 0, 2, 2.95
1630585286, 0, 0, 16, 16, 1, 0.03%, 0, 0, 2, 6.79
1630586188, 0, 0, 18, 18, 1, 0.03%, 0, 0, 2, 62.57
1630586193, 0, 0, 22, 22, 1, 0.03%, 0, 0, 2, 46.62
1630586198, 0, 0, 23, 23, 1, 0.03%, 0, 0, 2, 3.17
1630586570, 0, 0, 24, 24, 1, 0.03%, 0, 0, 2, 3.18
1630587216, 0, 0, 25, 25, 1, 0.03%, 0, 0, 2, 3.21
1630587370, 0, 0, 26, 26, 1, 0.03%, 0, 0, 2, 3.21
1630587703, 0, 0, 28, 28, 1, 0.03%, 0, 0, 2, 43.88
1630587709, 0, 0, 29, 29, 1, 0.03%, 0, 0, 2, 45.36
1630587797, 0, 0, 30, 30, 1, 0.03%, 0, 0, 2, 7.83
1630587802, 0, 0, 34, 34, 1, 0.03%, 0, 0, 2, 16.37
1630587807, 0, 0, 36, 36, 1, 0.03%, 0, 0, 2, 14.57
1630587812, 0, 0, 37, 37, 1, 0.03%, 0, 0, 2, 15.69
1630587817, 0, 0, 39, 39, 1, 0.03%, 0, 0, 2, 13.05
1630587823, 0, 0, 41, 41, 1, 0.03%, 0, 0, 2, 12.80
1630587828, 0, 0, 42, 42, 1, 0.03%, 1, 0, 2, 13.56
1630587833, 0, 0, 44, 44, 1, 0.04%, 1, 0, 2, 13.49
1630587838, 0, 0, 45, 45, 1, 0.04%, 1, 0, 2, 2.40
1630587848, 0, 0, 47, 47, 1, 0.05%, 1, 0, 2, 12.45
1630587854, 0, 0, 48, 48, 1, 0.05%, 1, 0, 2, 9.71
1630587859, 0, 0, 49, 49, 1, 0.05%, 1, 0, 2, 9.50
1630587869, 0, 0, 50, 50, 1, 0.05%, 1, 0, 2, 8.54
1630587874, 0, 0, 51, 51, 1, 0.05%, 1, 0, 2, 9.23
1630587879, 0, 0, 52, 52, 1, 0.05%, 1, 0, 2, 14.51
1630587884, 0, 0, 53, 53, 1, 0.06%, 1, 0, 2, 13.52
1630587889, 0, 0, 54, 54, 1, 0.06%, 1, 0, 2, 9.29
1630587910, 0, 0, 56, 56, 1, 0.06%, 1, 0, 2, 13.42
1630587920, 0, 0, 58, 58, 1, 0.06%, 1, 0, 2, 10.72
1630587925, 0, 0, 59, 59, 1, 0.06%, 1, 0, 2, 14.12
1630587931, 0, 0, 60, 60, 1, 0.06%, 1, 0, 2, 2.85
1630587936, 0, 0, 62, 62, 1, 0.06%, 1, 0, 2, 18.02
1630587946, 0, 0, 63, 63, 1, 0.06%, 1, 0, 2, 11.97
1630587956, 0, 0, 64, 64, 1, 0.06%, 1, 0, 2, 9.98
1630587972, 0, 0, 65, 65, 1, 0.06%, 1, 0, 2, 10.05
1630587977, 0, 0, 67, 67, 1, 0.06%, 1, 0, 2, 12.74
1630587982, 0, 0, 68, 68, 1, 0.06%, 1, 0, 2, 14.29
1630587987, 0, 0, 69, 69, 1, 0.06%, 1, 0, 2, 15.43
1630587992, 0, 0, 71, 71, 1, 0.06%, 1, 0, 2, 9.56
1630587997, 0, 0, 73, 73, 1, 0.06%, 1, 0, 2, 11.47
1630588003, 0, 0, 74, 74, 1, 0.06%, 1, 0, 2, 14.62
1630588008, 0, 0, 75, 75, 1, 0.06%, 1, 0, 2, 14.59
1630588013, 0, 0, 76, 76, 1, 0.06%, 1, 0, 2, 15.36
1630588018, 0, 0, 77, 77, 1, 0.06%, 1, 0, 2, 3.21
1630588039, 0, 0, 78, 78, 1, 0.07%, 1, 0, 2, 14.72
1630588054, 0, 0, 79, 79, 1, 0.07%, 1, 0, 2, 3.22
1630588075, 0, 0, 81, 81, 1, 0.07%, 1, 0, 2, 3.18
1630588080, 0, 0, 82, 82, 1, 0.07%, 1, 0, 2, 16.33
1630588085, 0, 0, 83, 83, 1, 0.07%, 1, 0, 2, 14.43
1630594197, 0, 0, 84, 84, 1, 0.07%, 1, 0, 2, 3.19
1630594448, 0, 0, 85, 85, 1, 0.07%, 1, 0, 2, 3.19
1630624239, 0, 0, 86, 86, 1, 0.07%, 1, 0, 2, 3.21
1630625845, 0, 0, 87, 87, 1, 0.07%, 1, 0, 2, 11.40
1630625918, 0, 0, 88, 88, 1, 0.07%, 1, 0, 2, 10.67
1630626005, 0, 2, 88, 87, 37, 0.07%, 1, 0, 2, 186.00
1630626082, 0, 8, 88, 86, 36, 0.07%, 1, 0, 2, 119.78
1630626092, 0, 8, 89, 87, 36, 0.07%, 1, 0, 3, 96.22
1630626128, 0, 8, 90, 88, 36, 0.07%, 1, 0, 3, 251.04
1630626169, 0, 8, 91, 89, 36, 0.07%, 1, 0, 3, 75.83
1630626547, 0, 19, 91, 88, 34, 0.07%, 1, 0, 3, 25.93
1630627317, 0, 19, 92, 89, 34, 0.07%, 1, 0, 3, 16.32
1630627337, 0, 19, 93, 90, 34, 0.07%, 1, 0, 3, 13.85
1630627414, 0, 19, 94, 91, 34, 0.07%, 1, 0, 3, 12.58
1630627465, 0, 19, 95, 92, 34, 0.07%, 1, 0, 3, 12.63
1630627506, 0, 19, 96, 93, 34, 0.07%, 1, 0, 3, 15.09
1630627517, 0, 19, 97, 94, 34, 0.07%, 1, 0, 3, 16.93
1630628283, 0, 19, 98, 95, 34, 0.07%, 1, 0, 3, 16.67
1630631812, 0, 19, 99, 96, 34, 0.07%, 1, 0, 3, 16.90
1630634047, 0, 22, 99, 95, 35, 0.07%, 1, 0, 3, 40.03
1630634344, 0, 22, 100, 96, 35, 0.07%, 1, 0, 3, 16.82
1630634431, 0, 22, 101, 97, 35, 0.07%, 1, 0, 3, 16.91
1630636316, 0, 23, 101, 96, 35, 0.07%, 1, 0, 3, 3.15
1630639983, 0, 23, 101, 96, 35, 0.07%, 2, 0, 3, 15.84
1630661702, 0, 23, 102, 97, 35, 0.07%, 2, 0, 3, 3.17
1630661773, 0, 23, 103, 98, 35, 0.07%, 2, 0, 3, 3.20
1630661824, 0, 23, 104, 99, 35, 0.07%, 2, 0, 3, 3.19
1630661835, 0, 23, 105, 100, 35, 0.07%, 2, 0, 3, 3.19
1630662032, 0, 23, 106, 101, 35, 0.07%, 2, 0, 3, 3.13
