# unix_time, cycles_done, cur_path, paths_total, pending_total, pending_favs, map_size, unique_crashes, unique_hangs, max_depth, execs_per_sec
1629009468, 0, 0, 1, 1, 1, 0.30%, 0, 0, 1, 239.52
1629009473, 0, 0, 18, 18, 1, 0.59%, 0, 0, 2, 310.58
1629009478, 0, 0, 26, 26, 1, 0.61%, 0, 0, 2, 281.64
1629009488, 0, 0, 33, 33, 1, 0.62%, 0, 0, 2, 275.29
1629009493, 0, 0, 37, 37, 1, 0.63%, 0, 0, 2, 269.40
1629009498, 0, 0, 50, 50, 1, 0.68%, 0, 0, 2, 285.89
1629009503, 0, 0, 55, 55, 1, 0.69%, 0, 0, 2, 272.14
1629009523, 0, 0, 58, 58, 1, 0.69%, 0, 0, 2, 264.97
1629009528, 0, 0, 59, 59, 1, 0.69%, 0, 0, 2, 270.16
1629009533, 0, 0, 60, 60, 1, 0.69%, 0, 0, 2, 272.20
1629009549, 0, 0, 61, 61, 1, 0.69%, 0, 0, 2, 267.27
1629009554, 0, 0, 62, 62, 1, 0.69%, 0, 0, 2, 267.52
1629009559, 0, 0, 63, 63, 1, 0.69%, 0, 0, 2, 274.27
1629009564, 0, 0, 64, 64, 1, 0.69%, 0, 0, 2, 277.80
1629009594, 0, 0, 69, 69, 1, 0.69%, 0, 0, 2, 274.10
1629009640, 0, 0, 92, 92, 1, 0.76%, 0, 0, 2, 311.92
1629009645, 0, 0, 94, 94, 1, 0.76%, 0, 0, 2, 270.31
1629009650, 0, 0, 97, 97, 1, 0.76%, 0, 0, 2, 261.24
1629009655, 0, 0, 100, 100, 1, 0.76%, 0, 0, 2, 265.43
1629009660, 0, 0, 102, 102, 1, 0.76%, 0, 0, 2, 264.75
1629009665, 0, 0, 104, 104, 1, 0.77%, 0, 0, 2, 265.50
1629009741, 0, 0, 106, 106, 1, 0.77%, 0, 0, 2, 266.99
1629009746, 0, 0, 107, 107, 1, 0.77%, 0, 0, 2, 267.04
1629009752, 0, 0, 109, 109, 1, 0.78%, 0, 0, 2, 268.96
1629009777, 0, 0, 111, 111, 1, 0.78%, 0, 0, 2, 272.12
1629009782, 0, 0, 112, 112, 1, 0.78%, 0, 0, 2, 272.97
1629009792, 0, 0, 113, 113, 1, 0.78%, 0, 0, 2, 271.40
1629009797, 0, 0, 114, 114, 1, 0.78%, 0, 0, 2, 267.69
1629009833, 0, 0, 116, 116, 1, 0.78%, 0, 0, 2, 393.47
1629009843, 0, 0, 120, 120, 1, 0.80%, 0, 0, 2, 311.85
1629009848, 0, 0, 135, 135, 1, 0.80%, 0, 0, 2, 268.50
1629009853, 0, 0, 140, 140, 1, 0.87%, 0, 0, 2, 261.43
1629011039, 0, 0, 154, 154, 1, 0.88%, 0, 0, 2, 286.92
1629011044, 0, 0, 157, 157, 1, 0.88%, 0, 0, 2, 301.37
1629011050, 0, 0, 159, 159, 1, 0.88%, 0, 0, 2, 305.43
1629011055, 0, 0, 167, 167, 1, 0.88%, 0, 0, 2, 312.90
1629011060, 0, 0, 172, 172, 1, 0.88%, 0, 0, 2, 311.43
1629011065, 0, 0, 174, 174, 1, 0.88%, 0, 0, 2, 307.12
1629011070, 0, 0, 175, 175, 1, 0.88%, 0, 0, 2, 310.41
1629011075, 0, 0, 177, 177, 1, 0.88%, 0, 0, 2, 309.03
1629011085, 0, 0, 178, 178, 1, 0.88%, 0, 0, 2, 314.85
1629011090, 0, 0, 179, 179, 1, 0.88%, 0, 0, 2, 309.43
1629011101, 0, 0, 180, 180, 1, 0.88%, 0, 0, 2, 308.32
1629011106, 0, 0, 181, 181, 1, 0.88%, 0, 0, 2, 307.10
1629011111, 0, 0, 182, 182, 1, 0.90%, 0, 0, 2, 311.57
1629011121, 0, 0, 185, 185, 1, 0.90%, 0, 0, 2, 315.81
1629011132, 0, 0, 187, 187, 1, 0.90%, 0, 0, 2, 316.57
1629011142, 0, 0, 190, 190, 1, 0.90%, 0, 0, 2, 310.62
1629011147, 0, 1, 190, 189, 47, 0.90%, 0, 0, 2, 314.51
1629011204, 0, 2, 190, 188, 45, 0.90%, 0, 0, 2, 343.82
1629011224, 0, 2, 191, 189, 45, 0.90%, 0, 0, 3, 295.63
1629011281, 0, 2, 192, 190, 45, 0.90%, 0, 0, 3, 412.75
1629011286, 0, 4, 192, 189, 45, 0.90%, 0, 0, 3, 344.96
1629011363, 0, 5, 192, 188, 44, 0.90%, 0, 0, 3, 380.69
1629011368, 0, 5, 193, 189, 44, 0.90%, 1, 0, 3, 349.95
1629011383, 0, 5, 194, 190, 44, 0.90%, 1, 0, 3, 323.38
1629011388, 0, 5, 195, 191, 44, 0.90%, 1, 0, 3, 303.10
1629011393, 0, 5, 196, 192, 44, 0.90%, 1, 0, 3, 289.60
1629011429, 0, 5, 197, 193, 44, 0.90%, 1, 0, 3, 298.93
1629011435, 0, 7, 197, 192, 44, 0.90%, 1, 0, 3, 393.97
1629011512, 0, 7, 198, 193, 44, 0.90%, 1, 0, 3, 315.73
1629011517, 0, 8, 198, 192, 43, 0.90%, 1, 0, 3, 374.19
1629011542, 0, 8, 199, 193, 43, 0.90%, 1, 0, 3, 279.07
1629011594, 0, 8, 201, 195, 43, 0.90%, 1, 0, 3, 477.19
1629011599, 0, 13, 201, 194, 42, 0.90%, 1, 0, 3, 397.49
1629013039, 0, 13, 202, 195, 42, 0.90%, 1, 0, 3, 291.08
1629013045, 0, 22, 202, 194, 41, 0.90%, 1, 0, 3, 320.85
1629013050, 0, 22, 203, 195, 41, 0.91%, 1, 0, 3, 312.87
1629013070, 0, 22, 204, 196, 41, 0.91%, 1, 0, 3, 264.05
1629013126, 0, 30, 204, 195, 41, 0.91%, 1, 0, 3, 336.75
1629013183, 0, 31, 204, 194, 42, 0.91%, 6, 0, 3, 360.65
1629013193, 0, 31, 204, 194, 42, 0.91%, 9, 0, 3, 499.48
1629013265, 0, 36, 204, 193, 41, 0.91%, 9, 0, 3, 318.46
1629013332, 0, 36, 205, 194, 41, 0.91%, 9, 0, 3, 262.29
1629014792, 0, 36, 208, 197, 41, 0.91%, 9, 0, 3, 288.37
1629014807, 0, 36, 209, 198, 41, 0.91%, 9, 0, 3, 303.10
1629014812, 0, 36, 212, 201, 41, 0.91%, 9, 0, 3, 306.15
1629014828, 0, 36, 213, 202, 41, 0.91%, 9, 0, 3, 298.30
1629014838, 0, 36, 215, 204, 41, 0.91%, 10, 0, 3, 301.69
1629014890, 0, 36, 217, 206, 41, 0.91%, 10, 0, 3, 305.28
1629014900, 0, 43, 217, 205, 42, 0.91%, 10, 0, 3, 298.68
1629014926, 0, 43, 219, 207, 42, 0.91%, 10, 0, 3, 257.12
1629014983, 0, 45, 219, 206, 39, 0.91%, 10, 0, 3, 313.30
1629015003, 0, 45, 220, 207, 39, 0.91%, 10, 0, 3, 274.72
1629015060, 0, 48, 220, 206, 36, 0.91%, 10, 0, 3, 380.22
1629015065, 0, 48, 223, 209, 36, 0.91%, 10, 0, 3, 350.32
1629015091, 0, 48, 224, 210, 36, 0.91%, 10, 0, 3, 283.24
1629015132, 0, 51, 224, 209, 37, 0.91%, 10, 0, 3, 409.79
1629015509, 0, 51, 228, 213, 37, 0.94%, 10, 0, 3, 264.82
1629016610, 0, 52, 228, 212, 40, 0.94%, 10, 0, 3, 283.05
1629016646, 0, 52, 229, 213, 40, 0.94%, 10, 0, 3, 263.99
1629016858, 0, 52, 230, 214, 40, 0.94%, 10, 0, 3, 268.98
1629016991, 0, 52, 231, 215, 40, 0.94%, 10, 0, 3, 266.78
1629018065, 0, 53, 231, 214, 40, 0.94%, 10, 0, 3, 289.58
1629019525, 0, 60, 231, 213, 39, 0.94%, 10, 0, 3, 281.38
1629019536, 0, 60, 232, 214, 39, 0.94%, 10, 0, 3, 269.38
1629019603, 0, 60, 233, 215, 39, 0.94%, 10, 0, 3, 269.45
1629020981, 0, 62, 233, 214, 40, 0.94%, 10, 0, 3, 317.90
1629021031, 0, 62, 234, 215, 40, 0.94%, 10, 0, 3, 408.72
1629021037, 0, 69, 235, 215, 39, 0.95%, 10, 0, 3, 377.37
1629021062, 0, 69, 236, 216, 39, 0.95%, 10, 0, 3, 273.47
1629021113, 0, 90, 236, 215, 39, 0.95%, 11, 0, 3, 359.77
1629021133, 0, 90, 238, 217, 39, 0.95%, 11, 0, 3, 295.70
1629021164, 0, 90, 239, 218, 39, 0.95%, 11, 0, 3, 285.44
1629021169, 0, 90, 243, 222, 39, 0.95%, 11, 0, 3, 279.58
1629021174, 0, 90, 247, 226, 39, 1.06%, 11, 0, 3, 265.88
1629021184, 0, 96, 247, 225, 41, 1.06%, 11, 0, 3, 373.78
1629021377, 0, 96, 248, 226, 41, 1.06%, 11, 0, 3, 266.22
1629022637, 0, 99, 248, 225, 41, 1.06%, 11, 0, 3, 275.66
1629022910, 0, 99, 249, 226, 41, 1.06%, 11, 0, 3, 263.64
1629024116, 0, 102, 249, 225, 41, 1.06%, 11, 0, 3, 272.14
1629024240, 0, 102, 250, 226, 41, 1.06%, 11, 0, 3, 308.08
1629025575, 0, 119, 250, 225, 40, 1.06%, 11, 0, 3, 297.82
1629025647, 0, 119, 252, 227, 40, 1.10%, 11, 0, 3, 253.14
1629025725, 0, 128, 252, 226, 40, 1.10%, 11, 0, 3, 285.76
1629025755, 0, 128, 253, 227, 40, 1.10%, 11, 0, 3, 271.84
1629025898, 0, 128, 254, 228, 40, 1.10%, 11, 0, 3, 265.14
1629027482, 0, 131, 254, 227, 41, 1.10%, 11, 0, 3, 301.37
1629027611, 0, 136, 254, 226, 40, 1.10%, 11, 0, 3, 305.12
1629027621, 0, 136, 255, 227, 40, 1.10%, 11, 0, 3, 249.55
1629027641, 0, 136, 256, 228, 40, 1.11%, 11, 0, 3, 270.81
1629027647, 0, 136, 257, 229, 40, 1.11%, 11, 0, 3, 254.51
1629027652, 0, 136, 258, 230, 40, 1.11%, 11, 0, 3, 251.83
1629027662, 0, 136, 259, 231, 40, 1.11%, 11, 0, 3, 249.40
1629027667, 0, 136, 260, 232, 40, 1.11%, 11, 0, 3, 247.94
1629028005, 0, 136, 261, 233, 40, 1.11%, 11, 0, 3, 257.74
1629029259, 0, 137, 261, 232, 40, 1.11%, 11, 0, 3, 264.22
1629030907, 0, 138, 261, 231, 39, 1.11%, 11, 0, 3, 273.53
1629031266, 0, 138, 262, 232, 39, 1.17%, 11, 0, 3, 294.64
1629032598, 0, 138, 263, 233, 39, 1.17%, 11, 0, 3, 289.74
1629032604, 0, 144, 263, 232, 38, 1.17%, 11, 0, 3, 353.70
1629032737, 0, 163, 263, 231, 37, 1.17%, 11, 0, 3, 391.66
1629032742, 0, 163, 264, 232, 37, 1.17%, 11, 0, 3, 328.28
1629032819, 0, 169, 264, 231, 36, 1.17%, 11, 0, 3, 333.65
1629033065, 0, 169, 265, 232, 36, 1.17%, 11, 0, 3, 265.09
1629033086, 0, 169, 266, 233, 36, 1.17%, 11, 0, 3, 267.02
1629034279, 0, 169, 267, 234, 36, 1.17%, 11, 0, 3, 270.56
1629034289, 0, 177, 267, 233, 35, 1.17%, 11, 0, 3, 306.97
1629034356, 0, 177, 268, 234, 35, 1.17%, 11, 0, 3, 290.58
1629034510, 0, 179, 268, 233, 34, 1.17%, 11, 0, 3, 303.78
1629034551, 0, 179, 269, 234, 34, 1.17%, 11, 0, 3, 273.84
1629035292, 0, 179, 270, 235, 34, 1.17%, 11, 0, 3, 298.34
1629035297, 0, 181, 270, 234, 33, 1.17%, 11, 0, 3, 316.88
1629035302, 0, 181, 273, 237, 33, 1.18%, 11, 0, 3, 289.07
1629035313, 0, 181, 274, 238, 33, 1.18%, 11, 0, 3, 263.56
1629035318, 0, 181, 275, 239, 33, 1.18%, 11, 0, 3, 264.47
1629035359, 0, 181, 276, 240, 33, 1.18%, 11, 0, 3, 250.80
1629035503, 0, 187, 277, 240, 32, 1.18%, 11, 0, 3, 302.69
1629036364, 0, 192, 277, 239, 32, 1.18%, 11, 0, 3, 300.71
1629036441, 0, 199, 277, 238, 31, 1.18%, 11, 0, 3, 337.76
1629036518, 0, 202, 277, 237, 30, 1.18%, 11, 0, 3, 345.06
1629036595, 0, 205, 277, 236, 29, 1.18%, 11, 0, 3, 301.89
1629037480, 0, 205, 278, 237, 29, 1.18%, 11, 0, 4, 314.20
1629037485, 0, 216, 278, 236, 28, 1.18%, 11, 0, 4, 290.25
1629037789, 0, 216, 279, 237, 28, 1.18%, 11, 0, 4, 262.42
1629039267, 0, 217, 280, 237, 28, 1.18%, 11, 0, 4, 287.23
1629039278, 0, 217, 281, 238, 28, 1.18%, 11, 0, 4, 313.93
1629039381, 0, 221, 282, 238, 26, 1.18%, 12, 0, 4, 376.28
1629039453, 0, 221, 284, 240, 26, 1.18%, 12, 0, 4, 422.82
1629039458, 0, 221, 286, 242, 26, 1.18%, 12, 0, 4, 502.28
1629039473, 0, 221, 287, 243, 26, 1.18%, 12, 0, 4, 518.25
1629039484, 0, 221, 288, 244, 26, 1.18%, 12, 0, 4, 526.98
1629039499, 0, 222, 288, 243, 26, 1.18%, 13, 0, 4, 460.19
1629039504, 0, 222, 289, 244, 26, 1.18%, 13, 0, 4, 366.51
1629039571, 0, 224, 289, 243, 26, 1.18%, 13, 0, 4, 370.43
1629039581, 0, 224, 290, 244, 26, 1.18%, 13, 0, 4, 267.55
1629041081, 0, 224, 291, 245, 26, 1.18%, 13, 0, 4, 291.65
1629041087, 0, 226, 291, 244, 26, 1.18%, 13, 0, 4, 291.75
1629041097, 0, 226, 292, 245, 26, 1.19%, 13, 0, 4, 267.58
1629042613, 0, 226, 293, 246, 26, 1.19%, 13, 0, 4, 298.69
1629042618, 0, 227, 293, 245, 26, 1.19%, 13, 0, 4, 275.60
1629044203, 0, 227, 294, 246, 26, 1.19%, 13, 0, 4, 273.78
1629044209, 0, 230, 294, 245, 26, 1.19%, 13, 0, 4, 287.67
1629044244, 0, 230, 295, 246, 26, 1.19%, 13, 0, 4, 265.26
1629045871, 0, 230, 296, 247, 26, 1.19%, 13, 0, 4, 291.49
1629045876, 0, 231, 296, 246, 26, 1.19%, 13, 0, 4, 277.99
1629047366, 0, 231, 297, 247, 26, 1.19%, 13, 0, 4, 298.11
1629047371, 0, 232, 297, 246, 25, 1.19%, 13, 0, 4, 286.13
1629047448, 0, 232, 298, 247, 25, 1.19%, 13, 0, 4, 267.17
1629048838, 0, 233, 298, 246, 25, 1.19%, 13, 0, 4, 284.29
1629048880, 0, 233, 299, 247, 25, 1.19%, 13, 0, 4, 362.03
1629049035, 0, 234, 299, 246, 24, 1.19%, 14, 0, 4, 334.34
1629049111, 0, 238, 299, 245, 23, 1.19%, 14, 0, 4, 354.33
1629049178, 0, 238, 300, 246, 23, 1.19%, 14, 0, 4, 268.43
1629049209, 0, 242, 300, 245, 22, 1.19%, 14, 0, 4, 353.04
1629049276, 0, 242, 301, 246, 22, 1.19%, 14, 0, 4, 267.89
1629049306, 0, 245, 301, 245, 21, 1.19%, 14, 0, 4, 334.61
1629049321, 0, 245, 302, 246, 21, 1.21%, 14, 0, 4, 355.21
1629049465, 0, 245, 307, 251, 21, 1.24%, 14, 0, 4, 253.54
1629049485, 0, 247, 307, 250, 24, 1.24%, 14, 0, 4, 336.44
1629049762, 0, 247, 308, 251, 24, 1.24%, 14, 0, 4, 262.08
1629050970, 0, 250, 308, 250, 24, 1.24%, 14, 0, 4, 280.14
1629051144, 0, 251, 308, 249, 23, 1.24%, 14, 0, 4, 371.02
1629051149, 0, 251, 310, 251, 23, 1.24%, 14, 0, 4, 309.07
1629051165, 0, 251, 311, 252, 23, 1.24%, 14, 0, 4, 297.81
1629051170, 0, 251, 312, 253, 23, 1.24%, 14, 0, 4, 339.72
1629051308, 0, 251, 313, 254, 23, 1.24%, 14, 0, 4, 246.87
1629051313, 0, 251, 314, 255, 23, 1.24%, 14, 0, 4, 248.26
1629051318, 0, 251, 316, 257, 23, 1.24%, 14, 0, 4, 257.76
1629051390, 0, 252, 316, 256, 25, 1.24%, 14, 0, 4, 327.12
1629051765, 0, 257, 316, 255, 24, 1.24%, 14, 0, 4, 299.06
1629051980, 0, 261, 316, 254, 23, 1.24%, 14, 0, 4, 285.99
1629052036, 0, 261, 317, 255, 23, 1.26%, 14, 0, 4, 246.01
1629052632, 0, 261, 318, 256, 23, 1.26%, 14, 0, 4, 245.16
1629054788, 0, 261, 320, 258, 23, 1.26%, 14, 0, 4, 239.60
1629054803, 0, 263, 321, 258, 23, 1.26%, 14, 0, 4, 298.85
1629054880, 0, 264, 322, 258, 22, 1.26%, 14, 0, 4, 392.98
1629054885, 0, 264, 325, 261, 22, 1.26%, 14, 0, 4, 293.25
1629054896, 0, 264, 326, 262, 22, 1.26%, 14, 0, 4, 270.18
1629054931, 0, 264, 328, 264, 22, 1.27%, 14, 0, 4, 265.74
1629055111, 0, 264, 330, 266, 22, 1.27%, 14, 0, 4, 264.82
1629055986, 0, 264, 332, 268, 22, 1.27%, 14, 0, 4, 266.82
1629055991, 0, 264, 333, 269, 22, 1.27%, 14, 0, 4, 267.91
1629056328, 0, 274, 334, 269, 25, 1.27%, 14, 0, 4, 295.56
1629056333, 0, 274, 335, 270, 25, 1.27%, 14, 0, 4, 283.19
1629056534, 0, 276, 335, 269, 24, 1.27%, 14, 0, 4, 352.84
1629057417, 0, 278, 335, 268, 23, 1.27%, 14, 0, 4, 276.09
1629057812, 0, 278, 336, 269, 23, 1.27%, 14, 0, 5, 260.73
1629059184, 0, 280, 337, 269, 22, 1.27%, 14, 0, 5, 293.92
1629059215, 0, 280, 339, 271, 22, 1.27%, 14, 0, 5, 281.63
1629059302, 0, 283, 339, 270, 22, 1.27%, 14, 0, 5, 359.48
1629059307, 0, 283, 339, 270, 22, 1.27%, 15, 0, 5, 381.92
1629059388, 0, 283, 341, 272, 22, 1.27%, 15, 0, 5, 424.13
1629059393, 0, 283, 343, 274, 22, 1.27%, 15, 0, 5, 486.42
1629059449, 0, 283, 344, 275, 22, 1.27%, 15, 0, 5, 511.11
1629059454, 0, 288, 344, 274, 21, 1.27%, 16, 0, 5, 387.04
1629059525, 0, 288, 345, 275, 21, 1.27%, 16, 0, 5, 438.70
1629059530, 0, 288, 346, 276, 21, 1.27%, 16, 0, 5, 500.46
1629059540, 0, 289, 346, 275, 20, 1.27%, 16, 0, 5, 374.48
1629061229, 0, 291, 346, 274, 19, 1.27%, 16, 0, 5, 271.00
1629062912, 0, 293, 346, 273, 18, 1.27%, 16, 0, 5, 279.56
1629064461, 0, 293, 347, 274, 18, 1.27%, 16, 0, 5, 280.41
1629064471, 0, 293, 348, 275, 18, 1.27%, 16, 0, 5, 302.71
1629064476, 0, 293, 349, 276, 18, 1.27%, 16, 0, 5, 299.79
1629064512, 0, 294, 349, 275, 18, 1.27%, 16, 0, 5, 306.43
1629066193, 0, 297, 349, 274, 17, 1.27%, 16, 0, 5, 275.61
1629066274, 0, 297, 350, 275, 17, 1.27%, 16, 0, 5, 267.55
1629067681, 0, 301, 350, 274, 17, 1.27%, 16, 0, 5, 301.29
1629067691, 0, 301, 351, 275, 17, 1.29%, 16, 0, 5, 295.25
1629067869, 0, 303, 351, 274, 17, 1.29%, 16, 0, 5, 319.97
1629067879, 0, 303, 352, 275, 17, 1.30%, 16, 0, 5, 257.66
1629068046, 0, 303, 353, 276, 17, 1.30%, 16, 0, 5, 187.80
1629068107, 0, 305, 353, 275, 17, 1.30%, 16, 0, 5, 341.57
1629068368, 0, 307, 353, 274, 16, 1.30%, 16, 0, 5, 353.18
1629068814, 0, 307, 354, 275, 16, 1.30%, 16, 0, 5, 268.25
1629069873, 0, 308, 354, 274, 15, 1.30%, 16, 0, 5, 272.75
1629070118, 0, 309, 354, 273, 14, 1.30%, 16, 0, 5, 332.84
1629070329, 0, 310, 354, 272, 13, 1.30%, 16, 0, 5, 411.20
1629070524, 0, 311, 354, 271, 12, 1.30%, 16, 0, 5, 335.36
1629070714, 0, 316, 358, 274, 11, 1.31%, 16, 0, 5, 295.94
1629070724, 0, 316, 359, 275, 11, 1.32%, 16, 0, 5, 207.12
1629070986, 0, 322, 359, 274, 15, 1.32%, 16, 0, 5, 367.26
1629072466, 0, 322, 360, 275, 15, 1.32%, 16, 0, 5, 293.43
1629072477, 0, 323, 360, 274, 15, 1.32%, 16, 0, 5, 273.38
1629073943, 0, 327, 360, 273, 14, 1.32%, 16, 0, 5, 281.42
1629073948, 0, 327, 361, 274, 14, 1.32%, 16, 0, 5, 269.17
1629074008, 0, 327, 362, 275, 14, 1.32%, 16, 0, 5, 272.18
1629074196, 0, 327, 364, 277, 14, 1.32%, 16, 0, 5, 262.25
1629075079, 0, 327, 366, 279, 14, 1.32%, 16, 0, 5, 261.69
1629075409, 0, 327, 367, 280, 14, 1.32%, 16, 0, 5, 262.83
1629075414, 0, 327, 368, 281, 14, 1.32%, 16, 0, 5, 267.74
1629075424, 0, 329, 368, 280, 16, 1.32%, 16, 0, 5, 303.26
1629075434, 0, 329, 369, 281, 16, 1.33%, 16, 0, 5, 268.58
1629075450, 0, 329, 370, 282, 16, 1.33%, 16, 0, 5, 263.72
1629076897, 0, 329, 371, 283, 16, 1.33%, 16, 0, 5, 304.53
1629076907, 0, 329, 372, 284, 16, 1.33%, 16, 0, 5, 300.99
1629076917, 0, 336, 372, 283, 18, 1.33%, 16, 0, 5, 303.28
1629077034, 0, 346, 372, 282, 17, 1.33%, 16, 0, 5, 324.66
1629077348, 0, 346, 373, 283, 17, 1.33%, 16, 0, 6, 234.33
1629078908, 0, 346, 374, 284, 17, 1.33%, 16, 0, 6, 260.03
1629078954, 0, 349, 374, 283, 17, 1.33%, 16, 0, 6, 267.56
1629080430, 0, 350, 374, 282, 16, 1.33%, 16, 0, 6, 288.26
1629080593, 0, 350, 375, 283, 16, 1.33%, 16, 0, 6, 260.30
1629080618, 0, 351, 377, 284, 16, 1.34%, 16, 0, 6, 326.73
1629080841, 0, 354, 377, 283, 17, 1.34%, 16, 0, 6, 298.58
1629081115, 0, 355, 377, 282, 16, 1.34%, 16, 0, 6, 274.99
1629081125, 0, 355, 379, 284, 16, 1.34%, 16, 0, 6, 200.86
1629081323, 0, 355, 380, 285, 16, 1.34%, 16, 0, 6, 165.44
1629081389, 0, 356, 380, 284, 16, 1.34%, 16, 0, 6, 302.91
1629081663, 0, 357, 380, 283, 15, 1.34%, 16, 0, 6, 317.23
1629081938, 0, 358, 380, 282, 14, 1.34%, 16, 0, 6, 281.42
1629082207, 0, 359, 380, 281, 13, 1.34%, 16, 0, 6, 340.20
1629083668, 0, 359, 381, 282, 13, 1.34%, 16, 0, 6, 260.15
1629083678, 0, 364, 381, 281, 13, 1.34%, 16, 0, 6, 299.62
1629083754, 0, 364, 382, 282, 13, 1.34%, 16, 0, 6, 273.36
1629083947, 0, 364, 383, 283, 13, 1.34%, 16, 0, 6, 261.66
1629085220, 0, 364, 384, 284, 13, 1.34%, 16, 0, 6, 265.92
1629085235, 0, 364, 386, 286, 13, 1.34%, 16, 0, 6, 296.00
1629085241, 0, 364, 387, 287, 13, 1.34%, 16, 0, 6, 305.07
1629085286, 0, 365, 387, 286, 14, 1.34%, 16, 0, 6, 283.21
1629085291, 0, 365, 389, 288, 14, 1.34%, 16, 0, 6, 263.23
1629085555, 0, 365, 390, 289, 14, 1.34%, 16, 0, 6, 257.89
1629086931, 0, 365, 391, 290, 14, 1.34%, 16, 0, 6, 299.62
1629086971, 0, 366, 391, 289, 13, 1.34%, 16, 0, 6, 273.33
1629086982, 0, 366, 392, 290, 13, 1.34%, 16, 0, 6, 264.74
1629088443, 0, 366, 393, 291, 13, 1.34%, 16, 0, 6, 285.44
1629088453, 0, 368, 393, 290, 12, 1.34%, 16, 0, 6, 301.00
1629089902, 0, 368, 394, 291, 12, 1.34%, 16, 0, 6, 275.68
1629089912, 0, 368, 396, 293, 12, 1.34%, 16, 0, 6, 304.36
1629089959, 0, 369, 396, 292, 11, 1.34%, 16, 0, 6, 273.38
1629091440, 0, 369, 397, 293, 11, 1.34%, 16, 0, 6, 293.18
1629091445, 0, 371, 397, 292, 11, 1.34%, 16, 0, 6, 283.05
1629091506, 0, 371, 398, 293, 11, 1.34%, 16, 0, 6, 255.31
1629093711, 0, 371, 399, 294, 11, 1.34%, 16, 0, 6, 268.96
1629093768, 0, 371, 400, 295, 11, 1.34%, 16, 0, 6, 283.12
1629093809, 0, 372, 400, 294, 10, 1.34%, 16, 0, 6, 250.94
1629095724, 0, 372, 401, 295, 10, 1.34%, 16, 0, 7, 263.17
1629095739, 0, 374, 401, 294, 10, 1.34%, 16, 0, 7, 311.90
1629095955, 0, 375, 401, 293, 9, 1.34%, 16, 0, 7, 355.32
1629096176, 0, 376, 401, 292, 8, 1.34%, 16, 0, 7, 327.96
1629096398, 0, 379, 401, 291, 7, 1.34%, 16, 0, 7, 281.40
1629096408, 0, 379, 402, 292, 7, 1.34%, 16, 0, 7, 194.82
1629096669, 0, 380, 402, 291, 7, 1.34%, 16, 0, 7, 291.61
1629098101, 0, 380, 403, 292, 7, 1.34%, 16, 0, 7, 265.81
1629098131, 0, 380, 404, 293, 7, 1.34%, 16, 0, 7, 292.40
1629098142, 0, 382, 404, 292, 6, 1.34%, 16, 0, 7, 303.33
