# unix_time, cycles_done, cur_path, paths_total, pending_total, pending_favs, map_size, unique_crashes, unique_hangs, max_depth, execs_per_sec
1619513312, 0, 0, 1, 1, 1, 0.30%, 0, 0, 1, 800.00
1619513317, 0, 0, 38, 38, 1, 0.63%, 0, 0, 2, 1254.13
1619513322, 0, 0, 57, 57, 1, 0.69%, 0, 0, 2, 1115.23
1619513327, 0, 0, 60, 60, 1, 0.69%, 0, 0, 2, 582.66
1619513332, 0, 0, 61, 61, 1, 0.69%, 0, 0, 2, 469.94
1619513337, 0, 0, 62, 62, 1, 0.69%, 0, 0, 2, 443.07
1619513342, 0, 0, 63, 63, 1, 0.69%, 0, 0, 2, 436.94
1619513347, 0, 0, 64, 64, 1, 0.69%, 0, 0, 2, 434.20
1619513352, 0, 0, 66, 66, 1, 0.70%, 0, 0, 2, 448.89
1619513372, 0, 0, 71, 71, 1, 0.70%, 0, 0, 2, 442.46
1619513398, 0, 0, 77, 77, 1, 0.70%, 0, 0, 2, 521.63
1619513403, 0, 0, 91, 91, 1, 0.76%, 0, 0, 2, 434.33
1619513408, 0, 0, 98, 98, 1, 0.76%, 0, 0, 2, 431.37
1619513413, 0, 0, 99, 99, 1, 0.76%, 0, 0, 2, 432.70
1619513418, 0, 0, 100, 100, 1, 0.76%, 0, 0, 2, 429.66
1619513464, 0, 0, 103, 103, 1, 0.76%, 0, 0, 2, 436.44
1619513469, 0, 0, 105, 105, 1, 0.78%, 0, 0, 2, 435.93
1619513474, 0, 0, 106, 106, 1, 0.78%, 0, 0, 2, 436.14
1619513484, 0, 0, 107, 107, 1, 0.78%, 0, 0, 2, 435.10
1619513494, 0, 0, 109, 109, 1, 0.78%, 0, 0, 2, 432.32
1619513499, 0, 0, 110, 110, 1, 0.78%, 0, 0, 2, 436.10
1619513520, 0, 0, 112, 112, 1, 0.79%, 0, 0, 2, 814.76
1619513525, 0, 0, 126, 126, 1, 0.80%, 0, 0, 2, 499.24
1619513530, 0, 0, 136, 136, 1, 0.88%, 0, 0, 2, 434.39
1619514257, 0, 0, 147, 147, 1, 0.88%, 0, 0, 2, 457.71
1619514262, 0, 0, 160, 160, 1, 0.88%, 0, 0, 2, 489.74
1619514267, 0, 0, 168, 168, 1, 0.88%, 0, 0, 2, 499.22
1619514273, 0, 0, 173, 173, 1, 0.88%, 0, 0, 2, 506.66
1619514278, 0, 0, 177, 177, 1, 0.88%, 0, 0, 2, 512.20
1619514283, 0, 0, 179, 179, 1, 0.88%, 0, 0, 2, 509.90
1619514288, 0, 0, 182, 182, 1, 0.88%, 0, 0, 2, 510.62
1619514298, 0, 0, 184, 184, 1, 0.88%, 0, 0, 2, 507.84
1619514303, 0, 0, 185, 185, 1, 0.88%, 0, 0, 2, 506.21
1619514308, 0, 0, 186, 186, 1, 0.88%, 0, 0, 2, 501.38
1619514318, 0, 0, 187, 187, 1, 0.88%, 0, 0, 2, 503.33
1619514323, 0, 1, 188, 187, 44, 0.88%, 0, 0, 2, 506.53
1619514359, 0, 4, 188, 186, 43, 0.88%, 0, 0, 2, 594.58
1619514409, 0, 7, 188, 185, 42, 0.88%, 0, 0, 2, 564.15
1619514460, 0, 8, 188, 184, 41, 0.88%, 0, 0, 2, 543.25
1619514476, 0, 8, 189, 185, 41, 0.88%, 0, 0, 3, 468.30
1619514511, 0, 22, 193, 188, 40, 0.88%, 0, 0, 3, 533.10
1619514526, 0, 22, 195, 190, 40, 0.88%, 0, 0, 3, 438.85
1619514562, 0, 28, 196, 190, 40, 0.88%, 0, 0, 3, 549.25
1619514577, 0, 28, 197, 191, 40, 0.89%, 0, 0, 3, 453.20
1619514582, 0, 28, 198, 192, 40, 0.89%, 0, 0, 3, 447.78
1619514607, 0, 28, 200, 194, 40, 0.89%, 0, 0, 3, 726.51
1619514612, 0, 28, 202, 196, 40, 0.89%, 0, 0, 3, 834.45
1619514617, 0, 28, 204, 198, 40, 0.89%, 0, 0, 3, 853.05
1619514633, 0, 32, 204, 197, 38, 0.89%, 2, 0, 3, 823.52
1619514638, 0, 32, 204, 197, 38, 0.89%, 6, 0, 3, 612.71
1619514643, 0, 32, 204, 197, 38, 0.89%, 8, 0, 3, 763.75
1619514684, 0, 35, 204, 196, 37, 0.89%, 8, 0, 3, 570.05
1619514689, 0, 35, 205, 197, 37, 0.89%, 8, 0, 3, 464.74
1619515556, 0, 37, 205, 196, 37, 0.89%, 8, 0, 3, 440.65
1619515591, 0, 37, 206, 197, 37, 0.89%, 8, 0, 3, 429.33
1619516469, 0, 37, 209, 200, 37, 0.89%, 8, 0, 3, 478.94
1619516474, 0, 37, 210, 201, 37, 0.89%, 8, 0, 3, 493.84
1619516479, 0, 37, 211, 202, 37, 0.89%, 8, 0, 3, 502.66
1619516484, 0, 37, 213, 204, 37, 0.89%, 8, 0, 3, 497.65
1619516489, 0, 37, 215, 206, 37, 0.89%, 8, 0, 3, 498.89
1619516494, 0, 37, 216, 207, 37, 0.89%, 8, 0, 3, 502.78
1619516499, 0, 37, 218, 209, 37, 0.89%, 8, 0, 3, 495.51
1619516504, 0, 37, 219, 210, 37, 0.89%, 9, 0, 3, 502.99
1619516519, 0, 44, 219, 209, 36, 0.89%, 9, 0, 3, 506.11
1619516529, 0, 44, 220, 210, 36, 0.89%, 9, 0, 3, 529.95
1619516570, 0, 45, 220, 209, 36, 0.89%, 9, 0, 3, 528.42
1619516585, 0, 45, 222, 211, 36, 0.89%, 9, 0, 3, 433.27
1619516621, 0, 47, 222, 210, 34, 0.89%, 9, 0, 3, 516.76
1619516671, 0, 52, 223, 210, 33, 0.89%, 9, 0, 3, 609.11
1619516722, 0, 53, 224, 210, 32, 0.89%, 9, 0, 3, 634.12
1619516853, 0, 53, 225, 211, 32, 0.91%, 9, 0, 3, 431.51
1619516924, 0, 53, 230, 216, 32, 0.92%, 9, 0, 3, 422.69
1619517596, 0, 54, 230, 215, 36, 0.92%, 9, 0, 3, 450.67
1619517617, 0, 54, 231, 216, 36, 0.92%, 9, 0, 3, 433.40
1619517811, 0, 54, 232, 217, 36, 0.92%, 9, 0, 3, 429.86
1619518463, 0, 54, 234, 219, 36, 0.92%, 9, 0, 3, 467.92
1619518468, 0, 54, 235, 220, 36, 0.94%, 9, 0, 3, 492.53
1619518488, 0, 55, 235, 219, 36, 0.94%, 9, 0, 3, 460.08
1619519355, 0, 62, 235, 218, 35, 0.94%, 9, 0, 3, 470.31
1619519401, 0, 62, 236, 219, 35, 0.94%, 9, 0, 3, 434.78
1619520228, 0, 64, 236, 218, 35, 0.94%, 9, 0, 3, 547.00
1619520258, 0, 65, 236, 217, 34, 0.94%, 9, 0, 3, 654.70
1619520293, 0, 81, 237, 217, 33, 0.94%, 9, 0, 3, 702.09
1619520344, 0, 86, 237, 216, 32, 0.94%, 10, 0, 3, 574.46
1619520354, 0, 86, 238, 217, 32, 0.94%, 10, 0, 3, 555.81
1619520364, 0, 86, 239, 218, 32, 0.94%, 10, 0, 3, 472.54
1619520375, 0, 86, 240, 219, 32, 0.94%, 10, 0, 3, 465.47
1619520380, 0, 86, 248, 227, 32, 1.05%, 10, 0, 3, 438.70
1619520385, 0, 86, 249, 228, 32, 1.05%, 10, 0, 3, 439.38
1619520390, 0, 99, 249, 227, 34, 1.05%, 10, 0, 3, 516.42
1619520492, 0, 99, 250, 228, 34, 1.05%, 10, 0, 3, 431.47
1619521256, 0, 104, 250, 227, 34, 1.05%, 10, 0, 3, 454.18
1619521327, 0, 104, 251, 228, 34, 1.05%, 10, 0, 3, 439.15
1619522106, 0, 104, 252, 229, 34, 1.05%, 10, 0, 3, 482.45
1619522111, 0, 111, 252, 228, 34, 1.05%, 10, 0, 3, 501.09
1619522122, 0, 111, 253, 229, 34, 1.06%, 10, 0, 3, 670.31
1619522187, 0, 115, 253, 228, 34, 1.06%, 10, 0, 3, 541.83
1619522233, 0, 115, 255, 230, 34, 1.10%, 10, 0, 3, 415.77
1619522279, 0, 133, 255, 229, 33, 1.10%, 10, 0, 3, 499.18
1619522284, 0, 133, 257, 231, 33, 1.11%, 10, 0, 3, 427.06
1619522299, 0, 133, 258, 232, 33, 1.11%, 10, 0, 3, 431.34
1619522304, 0, 133, 259, 233, 33, 1.11%, 10, 0, 3, 411.23
1619522309, 0, 133, 260, 234, 33, 1.11%, 10, 0, 3, 408.90
1619522314, 0, 133, 261, 235, 33, 1.11%, 10, 0, 3, 406.98
1619522364, 0, 133, 262, 236, 33, 1.11%, 10, 0, 3, 447.57
1619522508, 0, 133, 263, 237, 33, 1.11%, 10, 0, 3, 415.53
1619523261, 0, 133, 265, 239, 33, 1.11%, 10, 0, 3, 460.72
1619523267, 0, 133, 266, 240, 33, 1.11%, 10, 0, 3, 481.22
1619523287, 0, 134, 266, 239, 34, 1.11%, 10, 0, 3, 434.83
1619523477, 0, 134, 267, 240, 34, 1.17%, 10, 0, 3, 450.51
1619524281, 0, 146, 267, 239, 34, 1.17%, 10, 0, 3, 483.15
1619524374, 0, 167, 267, 238, 33, 1.17%, 10, 0, 3, 489.10
1619524384, 0, 167, 268, 239, 33, 1.17%, 10, 0, 3, 455.66
1619524913, 0, 178, 268, 238, 32, 1.17%, 10, 0, 3, 472.13
1619525062, 0, 178, 269, 239, 32, 1.17%, 10, 0, 3, 424.49
1619525885, 0, 183, 269, 238, 32, 1.17%, 10, 0, 3, 452.22
1619526069, 0, 183, 270, 239, 32, 1.17%, 10, 0, 3, 449.65
1619526387, 0, 188, 270, 238, 31, 1.17%, 10, 0, 3, 498.90
1619526475, 0, 188, 271, 239, 31, 1.17%, 10, 0, 4, 548.77
1619526480, 0, 189, 271, 238, 30, 1.17%, 10, 0, 4, 560.01
1619526526, 0, 191, 271, 237, 29, 1.17%, 10, 0, 4, 540.92
1619526542, 0, 191, 272, 238, 29, 1.17%, 10, 0, 4, 471.76
1619526573, 0, 195, 274, 239, 28, 1.17%, 10, 0, 4, 625.39
1619526609, 0, 195, 275, 240, 28, 1.17%, 10, 0, 4, 441.61
1619526624, 0, 198, 275, 239, 29, 1.17%, 10, 0, 4, 543.09
1619526650, 0, 198, 276, 240, 29, 1.17%, 10, 0, 4, 436.25
1619526670, 0, 203, 276, 239, 28, 1.17%, 10, 0, 4, 503.05
1619526778, 0, 204, 277, 239, 27, 1.17%, 10, 0, 4, 503.02
1619527654, 0, 204, 278, 240, 27, 1.17%, 10, 0, 4, 468.32
1619527660, 0, 220, 279, 240, 26, 1.17%, 10, 0, 4, 484.52
1619527670, 0, 220, 281, 242, 26, 1.17%, 10, 0, 4, 624.36
1619527685, 0, 220, 282, 243, 26, 1.17%, 10, 0, 4, 419.89
1619527731, 0, 224, 282, 242, 27, 1.17%, 10, 0, 4, 523.98
1619527736, 0, 224, 289, 249, 27, 1.18%, 10, 0, 4, 448.97
1619527746, 0, 224, 290, 250, 27, 1.18%, 10, 0, 4, 426.04
1619527767, 0, 224, 292, 252, 27, 1.19%, 10, 0, 4, 431.02
1619527874, 0, 224, 293, 253, 27, 1.19%, 10, 0, 4, 429.11
1619527936, 0, 224, 294, 254, 27, 1.19%, 10, 0, 4, 429.16
1619528420, 0, 224, 295, 255, 27, 1.19%, 10, 0, 4, 424.62
1619528616, 0, 224, 296, 256, 27, 1.19%, 10, 0, 4, 474.06
1619528621, 0, 225, 296, 255, 31, 1.19%, 10, 0, 4, 447.58
1619528626, 0, 225, 297, 256, 31, 1.19%, 10, 0, 4, 434.60
1619529522, 0, 225, 298, 257, 31, 1.19%, 10, 0, 4, 469.90
1619529527, 0, 227, 298, 256, 31, 1.19%, 10, 0, 4, 443.81
1619529532, 0, 227, 299, 257, 31, 1.19%, 10, 0, 4, 432.62
1619530442, 0, 228, 300, 257, 31, 1.19%, 10, 0, 4, 448.17
1619531365, 0, 228, 301, 258, 31, 1.19%, 10, 0, 4, 455.99
1619531370, 0, 229, 301, 257, 31, 1.19%, 10, 0, 4, 448.23
1619532317, 0, 231, 301, 256, 30, 1.19%, 10, 0, 4, 453.27
1619532338, 0, 231, 302, 257, 30, 1.19%, 10, 0, 4, 435.95
1619532415, 0, 231, 303, 258, 30, 1.19%, 10, 0, 4, 427.45
1619533298, 0, 234, 305, 259, 29, 1.20%, 10, 0, 4, 464.22
1619533303, 0, 234, 306, 260, 29, 1.20%, 10, 0, 4, 797.61
1619533314, 0, 234, 307, 261, 29, 1.21%, 10, 0, 4, 454.89
1619533349, 0, 235, 307, 260, 30, 1.21%, 10, 0, 4, 462.49
1619534227, 0, 239, 307, 259, 29, 1.21%, 10, 0, 4, 503.97
1619534267, 0, 239, 308, 260, 29, 1.21%, 10, 0, 4, 439.80
1619534288, 0, 240, 308, 259, 28, 1.21%, 10, 0, 4, 522.15
1619534328, 0, 240, 309, 260, 28, 1.21%, 10, 0, 4, 438.53
1619534354, 0, 243, 309, 259, 27, 1.21%, 10, 0, 4, 539.22
1619534415, 0, 244, 309, 258, 26, 1.21%, 10, 0, 4, 549.27
1619534476, 0, 247, 309, 257, 25, 1.21%, 10, 0, 4, 491.87
1619534572, 0, 247, 314, 262, 25, 1.24%, 10, 0, 4, 413.08
1619534582, 0, 249, 314, 261, 26, 1.24%, 10, 0, 4, 458.98
1619534658, 0, 249, 315, 262, 26, 1.24%, 10, 0, 4, 427.75
1619535458, 0, 250, 315, 261, 26, 1.24%, 10, 0, 4, 457.47
1619535570, 0, 250, 316, 262, 26, 1.24%, 10, 0, 4, 431.80
1619536297, 0, 252, 316, 261, 25, 1.24%, 11, 0, 4, 485.65
1619536369, 0, 253, 316, 260, 24, 1.24%, 11, 0, 4, 559.66
1619536477, 0, 254, 317, 260, 23, 1.24%, 11, 0, 4, 510.74
1619536487, 0, 254, 318, 261, 23, 1.24%, 11, 0, 4, 442.33
1619536492, 0, 254, 319, 262, 23, 1.24%, 11, 0, 4, 541.19
1619536580, 0, 254, 321, 264, 23, 1.24%, 11, 0, 4, 402.74
1619536585, 0, 254, 323, 266, 23, 1.24%, 11, 0, 4, 406.95
1619536626, 0, 264, 323, 265, 23, 1.24%, 11, 0, 4, 491.74
1619536637, 0, 264, 324, 266, 23, 1.24%, 11, 0, 4, 419.01
1619536642, 0, 264, 325, 267, 23, 1.24%, 11, 0, 4, 418.65
1619536647, 0, 264, 326, 268, 23, 1.24%, 11, 0, 4, 513.95
1619537063, 0, 266, 326, 267, 22, 1.24%, 11, 0, 4, 461.29
1619537099, 0, 266, 327, 268, 22, 1.26%, 11, 0, 4, 377.11
1619537211, 0, 266, 328, 269, 22, 1.26%, 11, 0, 4, 407.79
1619537402, 0, 266, 329, 270, 22, 1.26%, 11, 0, 4, 396.40
1619538714, 0, 272, 329, 269, 23, 1.26%, 11, 0, 4, 330.57
1619538764, 0, 272, 331, 271, 23, 1.26%, 11, 0, 5, 729.63
1619538769, 0, 272, 332, 272, 23, 1.26%, 11, 0, 5, 814.16
1619538785, 0, 273, 332, 271, 22, 1.26%, 11, 0, 5, 589.37
1619538830, 0, 278, 332, 270, 21, 1.26%, 11, 0, 5, 597.54
1619538906, 0, 279, 333, 270, 20, 1.26%, 11, 0, 5, 651.50
1619538927, 0, 279, 335, 272, 20, 1.26%, 11, 0, 5, 466.49
1619538978, 0, 282, 335, 271, 19, 1.26%, 11, 0, 5, 509.50
1619539858, 0, 282, 336, 272, 19, 1.26%, 11, 0, 5, 436.18
1619539864, 0, 282, 338, 274, 19, 1.26%, 11, 0, 5, 489.60
1619539869, 0, 282, 339, 275, 19, 1.26%, 11, 0, 5, 492.65
1619539909, 0, 283, 339, 274, 19, 1.26%, 11, 0, 5, 466.00
1619539914, 0, 283, 340, 275, 19, 1.26%, 11, 0, 5, 447.77
1619540800, 0, 283, 341, 276, 19, 1.26%, 11, 0, 5, 481.20
1619540805, 0, 289, 341, 275, 19, 1.26%, 11, 0, 5, 461.17
1619540836, 0, 289, 342, 276, 19, 1.26%, 11, 0, 5, 426.92
1619541691, 0, 289, 343, 277, 19, 1.26%, 11, 0, 5, 447.10
1619541696, 0, 289, 344, 278, 19, 1.26%, 11, 0, 5, 490.87
1619541706, 0, 292, 344, 277, 18, 1.26%, 11, 0, 5, 495.10
1619542598, 0, 296, 344, 276, 17, 1.26%, 11, 0, 5, 478.96
1619542747, 0, 296, 345, 277, 17, 1.27%, 11, 0, 5, 390.33
1619543581, 0, 296, 346, 278, 17, 1.27%, 11, 0, 5, 434.79
1619543591, 0, 298, 346, 277, 17, 1.27%, 11, 0, 5, 418.26
1619544589, 0, 300, 346, 276, 16, 1.27%, 11, 0, 5, 453.35
1619545635, 0, 300, 347, 277, 16, 1.27%, 11, 0, 5, 467.82
1619545640, 0, 304, 348, 277, 15, 1.27%, 11, 0, 5, 499.99
1619545697, 0, 306, 348, 276, 14, 1.27%, 11, 0, 5, 564.56
1619545784, 0, 312, 348, 275, 13, 1.27%, 11, 0, 5, 502.34
1619545789, 0, 312, 349, 276, 13, 1.28%, 11, 0, 5, 387.60
1619545896, 0, 312, 350, 277, 13, 1.28%, 11, 0, 5, 302.02
1619545947, 0, 314, 350, 276, 13, 1.28%, 11, 0, 5, 465.28
1619546066, 0, 314, 351, 277, 13, 1.28%, 11, 0, 5, 428.17
1619546833, 0, 316, 351, 276, 12, 1.28%, 11, 0, 5, 473.34
1619546982, 0, 317, 351, 275, 11, 1.28%, 11, 0, 5, 570.84
1619547100, 0, 319, 351, 274, 10, 1.28%, 11, 0, 5, 526.56
1619547105, 0, 319, 352, 275, 10, 1.28%, 11, 0, 5, 434.56
1619547268, 0, 326, 352, 274, 10, 1.28%, 11, 0, 5, 579.69
1619547273, 0, 326, 356, 278, 10, 1.30%, 11, 0, 5, 468.20
1619547278, 0, 326, 357, 279, 10, 1.30%, 11, 0, 5, 391.62
1619547438, 0, 328, 357, 278, 14, 1.30%, 11, 0, 5, 346.12
1619549212, 0, 331, 357, 277, 13, 1.30%, 11, 0, 5, 397.74
1619549402, 0, 335, 357, 276, 13, 1.30%, 11, 0, 5, 466.05
1619550342, 0, 339, 357, 275, 12, 1.30%, 11, 0, 5, 443.69
1619551227, 0, 339, 359, 277, 12, 1.30%, 11, 0, 6, 475.29
1619551242, 0, 343, 359, 276, 12, 1.30%, 11, 0, 6, 460.68
1619551273, 0, 343, 361, 278, 12, 1.31%, 11, 0, 6, 422.78
1619551288, 0, 343, 362, 279, 12, 1.31%, 11, 0, 6, 428.84
1619551389, 0, 343, 364, 281, 12, 1.31%, 11, 0, 6, 427.37
1619551952, 0, 343, 366, 283, 12, 1.31%, 11, 0, 6, 421.24
1619552174, 0, 343, 367, 284, 12, 1.31%, 11, 0, 6, 423.51
1619552180, 0, 343, 368, 285, 12, 1.31%, 11, 0, 6, 455.18
1619552185, 0, 343, 369, 286, 12, 1.31%, 11, 0, 6, 483.94
1619552190, 0, 343, 370, 287, 12, 1.31%, 11, 0, 6, 490.55
1619552215, 0, 344, 370, 286, 15, 1.31%, 11, 0, 6, 416.05
1619553199, 0, 348, 371, 286, 14, 1.31%, 11, 0, 6, 477.29
1619553346, 0, 351, 371, 285, 14, 1.31%, 11, 0, 6, 496.53
1619553523, 0, 352, 371, 284, 13, 1.31%, 11, 0, 6, 478.00
1619553686, 0, 353, 371, 283, 12, 1.31%, 11, 0, 6, 488.59
1619553696, 0, 353, 373, 285, 12, 1.31%, 11, 0, 6, 403.15
1619553817, 0, 353, 374, 286, 12, 1.31%, 11, 0, 6, 294.44
1619553853, 0, 353, 375, 287, 12, 1.31%, 11, 0, 6, 584.29
1619553858, 0, 354, 375, 286, 13, 1.31%, 11, 0, 6, 495.39
1619554025, 0, 355, 375, 285, 12, 1.31%, 11, 0, 6, 468.48
1619554187, 0, 356, 375, 284, 11, 1.31%, 11, 0, 6, 572.48
1619554355, 0, 356, 376, 285, 11, 1.31%, 11, 0, 6, 568.00
1619554360, 0, 357, 376, 284, 10, 1.31%, 11, 0, 6, 478.91
1619555417, 0, 360, 376, 283, 9, 1.31%, 11, 0, 6, 466.49
1619556351, 0, 360, 377, 284, 9, 1.31%, 11, 0, 7, 446.56
1619556361, 0, 365, 377, 283, 8, 1.31%, 11, 0, 7, 446.78
1619556392, 0, 365, 378, 284, 8, 1.31%, 11, 0, 7, 425.75
1619557075, 0, 365, 379, 285, 8, 1.31%, 11, 0, 7, 426.93
1619557334, 0, 367, 379, 284, 8, 1.31%, 11, 0, 7, 444.26
1619557369, 0, 367, 380, 285, 8, 1.31%, 11, 0, 7, 419.42
1619558462, 0, 367, 381, 286, 8, 1.31%, 11, 0, 7, 426.58
1619558477, 0, 370, 381, 285, 7, 1.31%, 11, 0, 7, 481.32
1619558624, 0, 372, 381, 284, 6, 1.31%, 11, 0, 7, 481.04
1619558629, 0, 372, 382, 285, 6, 1.31%, 11, 0, 7, 407.22
1619558634, 0, 372, 383, 286, 6, 1.31%, 11, 0, 7, 375.49
1619558792, 0, 373, 383, 285, 5, 1.31%, 11, 0, 7, 466.88
1619558797, 0, 373, 384, 286, 5, 1.31%, 11, 0, 7, 364.10
1619558959, 0, 377, 384, 285, 4, 1.31%, 11, 0, 7, 484.04
1619559922, 0, 377, 385, 286, 4, 1.31%, 11, 0, 8, 424.07
1619559927, 0, 377, 386, 287, 4, 1.31%, 11, 0, 8, 464.40
1619559932, 0, 378, 386, 286, 3, 1.31%, 11, 0, 8, 483.96
1619560640, 0, 378, 387, 287, 3, 1.31%, 11, 0, 8, 419.97
1619560918, 0, 378, 388, 288, 3, 1.31%, 11, 0, 8, 479.41
1619560923, 1, 5, 388, 287, 2, 1.31%, 11, 0, 8, 524.37
1619560969, 1, 5, 391, 290, 2, 1.31%, 11, 0, 8, 756.05
1619560984, 1, 14, 391, 289, 1, 1.31%, 11, 0, 8, 832.05
1619561871, 1, 14, 393, 291, 1, 1.31%, 11, 0, 8, 520.48
1619561877, 1, 14, 394, 292, 1, 1.31%, 11, 0, 8, 528.73
1619561897, 1, 16, 394, 291, 0, 1.31%, 11, 0, 8, 515.91
1619562769, 1, 24, 394, 290, 0, 1.31%, 11, 0, 8, 538.24
1619562815, 1, 25, 394, 289, 0, 1.31%, 11, 0, 8, 594.20
1619563721, 1, 35, 394, 288, 0, 1.31%, 11, 0, 8, 540.32
1619563726, 1, 36, 394, 288, 0, 1.31%, 11, 0, 8, 467.70
1619564258, 1, 36, 396, 290, 0, 1.31%, 11, 0, 8, 568.68
1619564268, 1, 39, 396, 289, 0, 1.31%, 11, 0, 8, 576.40
1619564319, 1, 40, 397, 289, 0, 1.31%, 11, 0, 8, 711.43
1619564445, 1, 43, 397, 288, 0, 1.31%, 11, 0, 8, 700.55
1619564455, 1, 45, 397, 287, 0, 1.31%, 11, 0, 8, 723.90
1619564461, 1, 61, 398, 288, 0, 1.31%, 11, 0, 8, 588.69
1619564927, 1, 65, 398, 287, 0, 1.31%, 11, 0, 8, 605.43
1619564932, 1, 66, 398, 287, 0, 1.31%, 11, 0, 8, 656.50
1619564962, 1, 67, 398, 286, 0, 1.31%, 11, 0, 8, 575.94
1619565013, 1, 68, 398, 285, 0, 1.31%, 11, 0, 8, 541.12
1619565048, 1, 71, 398, 284, 0, 1.31%, 11, 0, 8, 524.25
1619565165, 1, 79, 398, 283, 0, 1.31%, 11, 0, 8, 505.02
1619565216, 1, 79, 399, 284, 0, 1.31%, 11, 0, 8, 428.12
1619565327, 1, 85, 399, 283, 0, 1.31%, 11, 0, 8, 566.38
1619565368, 1, 85, 399, 283, 0, 1.31%, 12, 0, 8, 570.48
1619565373, 1, 94, 399, 282, 0, 1.31%, 12, 0, 8, 536.95
1619566233, 1, 96, 399, 281, 0, 1.31%, 12, 0, 8, 446.32
1619567100, 1, 102, 399, 280, 0, 1.31%, 12, 0, 8, 466.52
1619567920, 1, 105, 399, 279, 0, 1.31%, 12, 0, 8, 473.87
1619568828, 1, 108, 399, 278, 0, 1.31%, 12, 0, 8, 413.26
1619569800, 1, 112, 400, 278, 0, 1.31%, 12, 0, 8, 506.91
1619569866, 1, 113, 400, 277, 0, 1.31%, 12, 0, 8, 528.89
1619569947, 1, 114, 400, 276, 0, 1.31%, 12, 0, 8, 475.97
1619570875, 1, 121, 400, 275, 0, 1.31%, 12, 0, 8, 441.56
1619571108, 1, 121, 400, 275, 0, 1.31%, 13, 0, 8, 413.34
1619571847, 1, 122, 400, 274, 0, 1.31%, 13, 0, 8, 435.94
1619571969, 1, 133, 401, 274, 0, 1.31%, 13, 0, 8, 667.82
1619571974, 1, 141, 401, 274, 0, 1.31%, 13, 0, 8, 476.55
1619572890, 1, 143, 401, 273, 0, 1.31%, 13, 0, 8, 441.98
1619573874, 1, 152, 401, 272, 0, 1.31%, 13, 0, 8, 470.16
1619574020, 1, 153, 401, 271, 0, 1.31%, 13, 0, 8, 466.96
1619574893, 1, 160, 402, 271, 0, 1.31%, 13, 0, 8, 472.62
1619575031, 1, 160, 403, 272, 0, 1.31%, 13, 0, 8, 485.67
1619575037, 1, 160, 405, 274, 0, 1.31%, 13, 0, 8, 704.28
1619575047, 1, 163, 405, 273, 0, 1.31%, 13, 0, 8, 503.66
1619576081, 1, 165, 405, 272, 0, 1.31%, 13, 0, 8, 449.99
1619576563, 1, 170, 405, 271, 0, 1.31%, 13, 0, 8, 445.79
1619577030, 1, 170, 406, 272, 0, 1.31%, 13, 0, 8, 524.00
1619577035, 1, 171, 406, 271, 0, 1.31%, 13, 0, 8, 481.88
1619577225, 1, 172, 406, 270, 0, 1.31%, 13, 0, 8, 468.79
1619577609, 1, 173, 406, 269, 0, 1.31%, 13, 0, 8, 473.32
1619578145, 1, 174, 406, 268, 0, 1.31%, 13, 0, 8, 504.23
1619578150, 1, 174, 406, 268, 0, 1.31%, 14, 0, 8, 504.45
1619578257, 1, 176, 406, 267, 0, 1.31%, 14, 0, 8, 733.21
1619578288, 1, 180, 406, 266, 0, 1.31%, 14, 0, 8, 485.62
1619579401, 1, 180, 407, 267, 0, 1.31%, 14, 0, 8, 469.37
1619579406, 1, 180, 408, 268, 0, 1.31%, 14, 0, 8, 497.13
1619579411, 1, 185, 408, 267, 0, 1.31%, 14, 0, 8, 452.82
1619580268, 1, 187, 409, 267, 0, 1.31%, 14, 0, 8, 483.48
1619580394, 1, 188, 409, 266, 0, 1.31%, 14, 0, 8, 563.14
1619580399, 1, 192, 409, 266, 0, 1.31%, 14, 0, 8, 589.73
1619580434, 1, 193, 409, 265, 0, 1.31%, 14, 0, 8, 508.89
1619580496, 1, 197, 409, 264, 0, 1.31%, 14, 0, 8, 478.95
1619581006, 1, 208, 409, 263, 0, 1.31%, 14, 0, 8, 517.34
1619581108, 1, 211, 409, 262, 0, 1.31%, 14, 0, 8, 525.13
1619582034, 1, 218, 409, 261, 0, 1.31%, 14, 0, 8, 433.89
1619582941, 1, 226, 409, 260, 0, 1.31%, 14, 0, 8, 465.94
1619583867, 1, 234, 409, 259, 0, 1.31%, 14, 0, 8, 515.30
1619583872, 1, 264, 411, 261, 0, 1.31%, 14, 0, 8, 604.46
1619583877, 1, 268, 411, 261, 0, 1.31%, 14, 0, 8, 467.76
1619584847, 1, 276, 412, 261, 0, 1.31%, 14, 0, 8, 586.28
1619585152, 1, 276, 414, 263, 0, 1.31%, 14, 0, 8, 557.54
1619585162, 1, 276, 415, 264, 0, 1.31%, 14, 0, 8, 653.95
1619585177, 1, 277, 415, 263, 0, 1.31%, 14, 0, 8, 528.31
1619585715, 1, 277, 417, 265, 0, 1.31%, 14, 0, 8, 553.27
1619585720, 1, 277, 418, 266, 0, 1.31%, 14, 0, 8, 574.75
1619585725, 1, 277, 419, 267, 0, 1.31%, 14, 0, 8, 591.13
1619585755, 1, 280, 419, 266, 0, 1.31%, 14, 0, 8, 571.79
1619585826, 1, 291, 419, 265, 0, 1.31%, 14, 0, 8, 478.43
1619586715, 1, 295, 419, 264, 0, 1.31%, 14, 0, 8, 471.57
1619587634, 1, 297, 419, 263, 0, 1.31%, 14, 0, 8, 500.22
1619588625, 1, 297, 420, 264, 0, 1.31%, 14, 0, 8, 468.04
1619588630, 1, 297, 421, 265, 0, 1.31%, 14, 0, 8, 503.79
1619588641, 1, 300, 421, 264, 0, 1.31%, 14, 0, 8, 512.98
1619588646, 1, 301, 421, 264, 0, 1.31%, 14, 0, 8, 451.77
1619589623, 1, 301, 423, 266, 0, 1.31%, 14, 0, 8, 494.07
1619589633, 1, 301, 424, 267, 0, 1.31%, 14, 0, 8, 517.07
1619589638, 1, 301, 425, 268, 0, 1.31%, 14, 0, 8, 528.47
1619589664, 1, 301, 426, 269, 0, 1.31%, 14, 0, 8, 526.25
1619589679, 1, 301, 427, 270, 0, 1.31%, 14, 0, 8, 529.83
1619589685, 1, 303, 427, 269, 0, 1.31%, 14, 0, 8, 493.61
1619589736, 1, 314, 428, 269, 0, 1.31%, 14, 0, 8, 720.95
1619589741, 1, 320, 428, 269, 0, 1.31%, 14, 0, 8, 616.15
1619589956, 1, 324, 428, 268, 0, 1.31%, 14, 0, 8, 500.29
1619590398, 1, 325, 428, 267, 0, 1.31%, 14, 0, 8, 466.24
1619590839, 1, 328, 428, 266, 0, 1.31%, 14, 0, 8, 517.24
1619590844, 1, 329, 429, 267, 0, 1.31%, 14, 0, 8, 478.73
1619591024, 1, 329, 431, 269, 0, 1.31%, 14, 0, 8, 663.71
1619591029, 1, 329, 432, 270, 0, 1.31%, 14, 0, 8, 694.66
1619591034, 1, 329, 434, 272, 0, 1.31%, 14, 0, 8, 704.65
1619591055, 1, 335, 435, 272, 0, 1.31%, 14, 0, 8, 632.66
1619591060, 1, 342, 435, 272, 0, 1.31%, 14, 0, 8, 469.81
1619592077, 1, 342, 437, 274, 0, 1.31%, 14, 0, 8, 458.29
1619592082, 1, 342, 438, 275, 0, 1.31%, 14, 0, 8, 495.17
1619592102, 1, 347, 438, 274, 0, 1.31%, 14, 0, 8, 480.76
1619592153, 1, 352, 438, 273, 0, 1.31%, 14, 0, 8, 674.11
1619592159, 1, 360, 439, 274, 0, 1.31%, 15, 0, 8, 589.73
1619592164, 1, 363, 439, 274, 0, 1.31%, 15, 0, 8, 461.35
1619592307, 1, 363, 440, 275, 0, 1.31%, 15, 0, 8, 424.32
1619593095, 1, 363, 441, 276, 0, 1.31%, 15, 0, 8, 445.25
1619593106, 1, 366, 441, 275, 0, 1.31%, 15, 0, 8, 455.36
1619594048, 1, 371, 441, 274, 0, 1.31%, 15, 0, 8, 450.44
1619594217, 1, 382, 441, 273, 0, 1.31%, 15, 0, 8, 523.88
1619594222, 1, 382, 442, 274, 0, 1.31%, 15, 0, 8, 463.19
1619594227, 1, 382, 444, 276, 0, 1.31%, 15, 0, 8, 407.49
1619594386, 1, 443, 444, 275, 1, 1.31%, 15, 0, 8, 450.30
1619594555, 1, 443, 445, 276, 1, 1.31%, 15, 0, 9, 694.61
1619594560, 1, 443, 445, 276, 1, 1.31%, 16, 0, 9, 734.55
1619594565, 1, 443, 446, 277, 1, 1.31%, 16, 0, 9, 743.01
1619594576, 1, 444, 447, 277, 1, 1.31%, 16, 0, 10, 512.04
1619594586, 1, 444, 448, 278, 1, 1.31%, 16, 0, 10, 292.38
1619594821, 1, 444, 449, 279, 1, 1.31%, 16, 0, 10, 634.18
1619594827, 1, 444, 450, 280, 1, 1.31%, 16, 0, 10, 689.50
1619594832, 1, 444, 451, 281, 1, 1.31%, 16, 0, 10, 698.45
1619594837, 1, 444, 452, 282, 1, 1.31%, 16, 0, 10, 686.94
1619594852, 1, 444, 453, 283, 1, 1.31%, 16, 0, 10, 689.73
1619594857, 1, 446, 453, 282, 0, 1.31%, 16, 0, 10, 571.00
1619595084, 1, 448, 453, 281, 0, 1.31%, 16, 0, 10, 624.35
1619595094, 1, 448, 454, 282, 0, 1.31%, 16, 0, 11, 356.82
1619595340, 1, 448, 456, 284, 0, 1.31%, 16, 0, 11, 428.84
1619595350, 1, 448, 457, 285, 0, 1.31%, 16, 0, 11, 677.10
1619595360, 1, 448, 459, 287, 0, 1.31%, 16, 0, 11, 680.69
1619595366, 1, 448, 460, 288, 0, 1.31%, 16, 0, 11, 685.15
1619595371, 1, 449, 460, 287, 0, 1.31%, 16, 0, 11, 393.08
1619595693, 1, 451, 460, 286, 0, 1.31%, 16, 0, 11, 498.65
1619595998, 1, 451, 461, 287, 0, 1.31%, 16, 0, 11, 651.02
1619596009, 1, 452, 461, 286, 0, 1.31%, 16, 0, 11, 613.40
1619596316, 1, 453, 461, 285, 0, 1.31%, 16, 0, 11, 406.67
1619596577, 1, 455, 461, 284, 0, 1.31%, 16, 0, 11, 375.38
1619597165, 1, 455, 463, 286, 0, 1.31%, 16, 0, 12, 381.57
1619597170, 1, 455, 464, 287, 0, 1.31%, 16, 0, 12, 503.00
1619597175, 1, 455, 465, 288, 0, 1.31%, 16, 0, 12, 541.99
1619597191, 1, 455, 466, 289, 0, 1.31%, 16, 0, 12, 542.69
1619597217, 1, 461, 466, 288, 1, 1.31%, 16, 0, 12, 397.59
1619597257, 1, 461, 467, 289, 1, 1.31%, 16, 0, 13, 244.70
1619598646, 1, 461, 468, 290, 1, 1.31%, 16, 0, 13, 393.62
1619598661, 2, 3, 468, 289, 0, 1.31%, 16, 0, 13, 440.73
1619598712, 2, 7, 469, 289, 0, 1.32%, 16, 0, 13, 690.27
1619598717, 2, 194, 469, 289, 1, 1.32%, 16, 0, 13, 527.30
1619598899, 2, 307, 469, 288, 1, 1.32%, 16, 0, 13, 453.81
1619599452, 2, 307, 470, 289, 1, 1.32%, 16, 0, 13, 566.46
1619599457, 2, 307, 471, 290, 1, 1.32%, 16, 0, 13, 602.37
1619599462, 2, 402, 471, 289, 2, 1.32%, 16, 0, 13, 556.56
1619599665, 2, 402, 472, 290, 2, 1.32%, 16, 0, 13, 610.57
1619599671, 2, 447, 472, 289, 2, 1.32%, 16, 0, 13, 482.40
1619599924, 2, 447, 473, 290, 2, 1.32%, 16, 0, 13, 671.45
1619599934, 2, 468, 473, 289, 2, 1.32%, 16, 0, 13, 469.58
