# unix_time, cycles_done, cur_path, paths_total, pending_total, pending_favs, map_size, unique_crashes, unique_hangs, max_depth, execs_per_sec
1612232068, 0, 0, 2, 2, 2, 0.81%, 0, 0, 1, 29.04
1612232073, 0, 0, 6, 6, 2, 0.83%, 0, 0, 2, 25.15
1612232094, 0, 0, 7, 7, 2, 0.83%, 0, 0, 2, 17.93
1612232124, 0, 0, 8, 8, 2, 0.83%, 0, 0, 2, 16.79
1612232150, 0, 0, 9, 9, 2, 0.84%, 0, 0, 2, 17.73
1612232191, 0, 0, 10, 10, 2, 0.84%, 0, 0, 2, 16.34
1612232217, 0, 0, 11, 11, 2, 0.84%, 0, 0, 2, 16.52
1612232227, 0, 0, 12, 12, 2, 0.84%, 0, 0, 2, 16.30
1612232293, 0, 0, 13, 13, 2, 0.84%, 0, 0, 2, 16.38
1612232394, 0, 0, 14, 14, 2, 0.84%, 0, 0, 2, 24.76
1612232654, 0, 0, 25, 25, 2, 0.86%, 0, 0, 2, 16.47
1612233167, 0, 0, 27, 27, 2, 0.87%, 0, 0, 2, 251.04
1612233183, 0, 0, 28, 28, 2, 0.87%, 0, 0, 2, 174.32
1612233188, 0, 0, 41, 41, 2, 1.31%, 1, 0, 2, 125.32
1612233193, 0, 0, 48, 48, 2, 1.53%, 2, 0, 2, 122.52
1612233198, 0, 0, 53, 53, 2, 1.54%, 2, 0, 2, 77.36
1612233203, 0, 0, 58, 58, 2, 1.54%, 2, 0, 2, 130.74
1612233209, 0, 0, 65, 65, 2, 1.62%, 2, 0, 2, 2.67
1612233239, 0, 0, 70, 70, 2, 1.71%, 2, 0, 2, 119.59
1612233244, 0, 0, 73, 73, 2, 1.79%, 2, 0, 2, 135.48
1612233249, 0, 0, 75, 75, 2, 1.79%, 2, 0, 2, 16.21
1612235139, 0, 0, 76, 76, 2, 1.80%, 2, 0, 2, 16.72
1612235154, 0, 0, 77, 77, 2, 1.80%, 2, 0, 2, 16.63
1612235159, 0, 0, 78, 78, 2, 1.81%, 2, 0, 2, 16.70
1612235164, 0, 0, 79, 79, 2, 1.82%, 2, 0, 2, 16.69
1612235200, 0, 0, 80, 80, 2, 1.82%, 2, 0, 2, 16.64
1612243877, 0, 0, 81, 81, 2, 1.82%, 2, 0, 2, 16.67
1612244424, 0, 0, 83, 83, 2, 1.82%, 2, 0, 2, 73.80
1612244429, 0, 0, 84, 84, 2, 1.82%, 2, 0, 2, 57.85
1612244460, 0, 1, 84, 83, 36, 1.82%, 2, 0, 2, 88.34
1612244715, 0, 1, 86, 85, 36, 1.83%, 2, 0, 2, 100.70
1612244909, 0, 1, 87, 86, 36, 1.83%, 2, 0, 2, 97.03
1612245021, 0, 1, 88, 87, 36, 1.84%, 2, 0, 2, 198.90
1612245026, 0, 1, 88, 87, 36, 1.84%, 3, 0, 2, 138.59
1612249832, 0, 3, 88, 86, 36, 1.84%, 3, 0, 2, 904.01
1612249857, 0, 6, 88, 85, 35, 1.84%, 3, 0, 2, 16.39
1612250143, 0, 6, 88, 85, 35, 1.84%, 4, 0, 2, 113.92
1612253702, 0, 7, 88, 84, 33, 1.84%, 4, 0, 2, 169.33
1612253707, 0, 7, 89, 85, 33, 1.84%, 4, 0, 3, 891.85
1612253712, 0, 7, 90, 86, 33, 1.84%, 4, 0, 3, 977.36
1612253723, 0, 7, 91, 87, 33, 1.84%, 4, 0, 3, 378.32
1612253778, 0, 11, 91, 86, 32, 1.84%, 4, 0, 3, 30.21
1612254015, 0, 11, 94, 89, 32, 1.84%, 5, 0, 3, 117.04
1612257353, 0, 15, 94, 88, 33, 1.84%, 5, 0, 3, 170.55
1612257409, 0, 15, 95, 89, 33, 1.84%, 5, 0, 3, 158.01
1612257414, 0, 15, 96, 90, 33, 1.84%, 5, 0, 3, 141.93
1612257470, 0, 15, 97, 91, 33, 1.84%, 5, 0, 3, 244.04
1612257475, 0, 15, 98, 92, 33, 1.84%, 5, 0, 3, 38.46
1612257480, 0, 15, 99, 93, 33, 1.84%, 5, 0, 3, 109.53
1612257485, 0, 15, 100, 94, 33, 1.84%, 5, 0, 3, 128.81
1612258325, 0, 15, 101, 95, 33, 1.84%, 5, 0, 3, 121.29
1612258538, 0, 16, 103, 96, 34, 1.84%, 5, 0, 3, 321.42
1612258631, 0, 16, 104, 97, 34, 1.84%, 5, 0, 3, 367.66
1612258785, 0, 21, 104, 96, 34, 1.84%, 5, 0, 3, 428.32
1612258820, 0, 21, 105, 97, 34, 1.84%, 5, 0, 3, 147.60
1612258965, 0, 25, 105, 96, 34, 1.84%, 5, 0, 3, 29.47
1612263341, 0, 26, 105, 95, 33, 1.84%, 5, 0, 3, 280.71
1612263923, 0, 28, 105, 94, 32, 1.84%, 5, 0, 3, 470.97
1612263984, 0, 28, 106, 95, 32, 1.84%, 5, 0, 3, 160.97
1612264218, 0, 32, 106, 94, 31, 1.84%, 5, 0, 3, 383.30
1612266587, 0, 37, 106, 93, 30, 1.84%, 5, 0, 3, 331.78
1612266649, 0, 37, 108, 95, 30, 1.85%, 5, 0, 3, 84.99
1612266654, 0, 37, 110, 97, 30, 1.86%, 5, 0, 3, 178.88
1612267463, 0, 37, 112, 99, 30, 1.86%, 6, 1, 3, 0.01
1612271433, 0, 38, 112, 98, 32, 1.86%, 6, 1, 3, 168.04
