# unix_time, cycles_done, cur_path, paths_total, pending_total, pending_favs, map_size, unique_crashes, unique_hangs, max_depth, execs_per_sec
1630308994, 0, 0, 1, 1, 1, 0.11%, 0, 0, 1, 50.31
1630308999, 0, 0, 14, 14, 1, 0.23%, 1, 0, 2, 385.68
1630309005, 0, 0, 18, 18, 1, 0.24%, 1, 0, 2, 371.00
1630309010, 0, 0, 22, 22, 1, 0.24%, 1, 0, 2, 368.40
1630309020, 0, 0, 26, 26, 1, 0.24%, 1, 0, 2, 372.92
1630309035, 0, 0, 35, 35, 1, 0.26%, 1, 0, 2, 396.73
1630309040, 0, 0, 39, 39, 1, 0.27%, 1, 0, 2, 386.34
1630309091, 0, 0, 41, 41, 1, 0.27%, 1, 0, 2, 261.96
1630309096, 0, 0, 42, 42, 1, 0.28%, 1, 0, 2, 262.43
1630309111, 0, 0, 43, 43, 1, 0.28%, 1, 0, 2, 338.65
1630309116, 0, 0, 45, 45, 1, 0.28%, 1, 0, 2, 344.41
1630309182, 0, 0, 48, 48, 1, 0.32%, 1, 0, 2, 382.55
1630309237, 0, 0, 49, 49, 1, 0.32%, 1, 0, 2, 350.65
1630309369, 0, 0, 50, 50, 1, 0.32%, 1, 0, 2, 348.18
1630309831, 0, 5, 51, 50, 16, 0.32%, 1, 0, 2, 458.96
1630310576, 0, 5, 52, 51, 16, 0.32%, 1, 0, 3, 462.29
1630310581, 0, 5, 53, 52, 16, 0.32%, 1, 0, 3, 492.71
1630310591, 0, 5, 55, 54, 16, 0.32%, 1, 0, 3, 501.45
1630310596, 0, 5, 56, 55, 16, 0.32%, 1, 0, 3, 507.49
1630310621, 0, 11, 56, 54, 15, 0.32%, 1, 0, 3, 483.64
1630310657, 0, 11, 57, 55, 15, 0.34%, 1, 0, 3, 260.01
1630310723, 0, 12, 57, 54, 15, 0.34%, 1, 0, 3, 406.51
1630311434, 0, 12, 58, 55, 15, 0.34%, 1, 0, 3, 365.88
1630311469, 0, 16, 58, 54, 14, 0.34%, 1, 0, 3, 379.88
1630312215, 0, 16, 60, 56, 14, 0.34%, 1, 0, 3, 413.59
1630312225, 0, 19, 60, 55, 13, 0.34%, 1, 0, 3, 450.43
1630312574, 0, 23, 61, 55, 12, 0.34%, 1, 0, 3, 472.16
1630313320, 0, 23, 62, 56, 12, 0.34%, 1, 0, 3, 429.87
1630313325, 0, 27, 62, 55, 11, 0.34%, 1, 0, 3, 337.53
1630314228, 0, 30, 62, 54, 10, 0.34%, 1, 0, 3, 345.09
1630315257, 0, 35, 62, 53, 9, 0.34%, 1, 0, 3, 386.05
1630315304, 0, 35, 63, 54, 9, 0.34%, 1, 0, 3, 408.92
1630316048, 0, 36, 64, 54, 8, 0.35%, 1, 0, 3, 391.14
1630316145, 0, 36, 65, 55, 8, 0.35%, 1, 0, 3, 252.32
1630316894, 0, 37, 65, 54, 8, 0.35%, 1, 0, 3, 407.98
1630317738, 0, 37, 67, 56, 8, 0.35%, 1, 0, 3, 450.23
1630317743, 0, 37, 68, 57, 8, 0.35%, 1, 0, 3, 494.14
1630317753, 0, 41, 68, 56, 7, 0.35%, 1, 0, 3, 397.30
1630319007, 0, 42, 68, 55, 6, 0.35%, 1, 0, 3, 379.30
1630319185, 0, 45, 68, 54, 5, 0.35%, 1, 0, 3, 394.34
1630319472, 0, 45, 69, 55, 5, 0.36%, 1, 0, 3, 319.97
1630319477, 0, 45, 75, 61, 5, 0.38%, 1, 0, 3, 305.53
1630319482, 0, 45, 76, 62, 5, 0.38%, 1, 0, 3, 309.58
1630319502, 0, 45, 77, 63, 5, 0.38%, 1, 0, 3, 314.81
1630319508, 0, 45, 78, 64, 5, 0.38%, 1, 0, 3, 313.64
1630319980, 0, 46, 78, 63, 7, 0.38%, 1, 0, 3, 405.30
1630320309, 0, 46, 79, 64, 7, 0.38%, 1, 0, 3, 382.37
1630320736, 0, 53, 79, 63, 6, 0.38%, 1, 0, 3, 425.22
1630321156, 0, 53, 80, 64, 6, 0.38%, 1, 0, 4, 386.32
1630321187, 0, 53, 81, 65, 6, 0.38%, 1, 0, 4, 492.16
1630321197, 0, 56, 81, 64, 5, 0.38%, 1, 0, 4, 457.73
1630321346, 0, 63, 81, 63, 4, 0.38%, 1, 0, 4, 436.34
1630322194, 0, 68, 82, 63, 3, 0.38%, 1, 0, 4, 380.07
1630322204, 0, 68, 83, 64, 3, 0.38%, 1, 0, 4, 336.22
1630322214, 0, 68, 84, 65, 3, 0.38%, 1, 0, 4, 321.08
1630322230, 0, 68, 85, 66, 3, 0.38%, 1, 0, 4, 326.68
1630322251, 0, 68, 88, 69, 3, 0.38%, 1, 0, 4, 341.78
1630322570, 0, 68, 89, 70, 3, 0.38%, 1, 0, 4, 315.04
1630322606, 0, 68, 90, 71, 3, 0.38%, 1, 0, 4, 308.17
1630323108, 0, 77, 90, 70, 4, 0.38%, 1, 0, 4, 370.51
1630323634, 0, 77, 91, 71, 4, 0.38%, 1, 0, 4, 324.85
1630324070, 0, 83, 91, 70, 3, 0.38%, 1, 0, 4, 356.78
1630324378, 0, 83, 92, 71, 3, 0.38%, 1, 0, 5, 311.23
1630324983, 0, 83, 93, 72, 3, 0.38%, 1, 0, 5, 437.13
1630324988, 0, 85, 93, 71, 3, 0.38%, 1, 0, 5, 453.72
1630324993, 0, 85, 95, 73, 3, 0.41%, 1, 0, 5, 398.85
1630325003, 0, 85, 98, 76, 3, 0.41%, 1, 0, 5, 345.35
1630325358, 0, 85, 99, 77, 3, 0.41%, 1, 0, 5, 328.85
1630325465, 0, 85, 100, 78, 3, 0.41%, 1, 0, 5, 341.19
1630325475, 0, 85, 103, 81, 3, 0.41%, 1, 0, 5, 342.49
1630325516, 0, 85, 104, 82, 3, 0.41%, 1, 0, 5, 331.31
1630325546, 0, 85, 105, 83, 3, 0.41%, 1, 0, 5, 341.01
1630325754, 0, 85, 106, 84, 3, 0.41%, 1, 0, 5, 481.47
1630325759, 0, 88, 106, 83, 5, 0.41%, 1, 0, 5, 409.68
1630326692, 0, 91, 106, 82, 4, 0.41%, 1, 0, 5, 435.53
1630327205, 0, 91, 107, 83, 4, 0.41%, 1, 0, 6, 318.95
1630327677, 0, 93, 107, 82, 4, 0.41%, 1, 0, 6, 426.07
1630328180, 0, 93, 108, 83, 4, 0.41%, 1, 0, 6, 328.94
1630328455, 0, 97, 108, 82, 3, 0.41%, 1, 0, 6, 378.29
1630328465, 0, 97, 109, 83, 3, 0.41%, 1, 0, 6, 345.34
1630329225, 0, 97, 110, 84, 3, 0.41%, 1, 0, 6, 497.52
1630329240, 0, 100, 110, 83, 4, 0.41%, 1, 0, 6, 434.15
1630330200, 0, 106, 110, 82, 3, 0.41%, 1, 0, 6, 415.67
1630331241, 0, 108, 110, 81, 2, 0.41%, 1, 0, 6, 425.84
1630332003, 0, 109, 110, 80, 1, 0.41%, 1, 0, 6, 452.12
1630332849, 0, 109, 111, 81, 1, 0.41%, 1, 0, 7, 463.34
1630332870, 1, 5, 112, 81, 0, 0.41%, 1, 0, 7, 510.46
1630332875, 1, 9, 112, 81, 0, 0.41%, 1, 0, 7, 407.08
1630333718, 1, 12, 112, 80, 0, 0.41%, 1, 0, 7, 437.04
1630333724, 1, 13, 112, 80, 0, 0.41%, 1, 0, 7, 377.24
1630334524, 1, 14, 112, 79, 0, 0.41%, 1, 0, 7, 387.16
1630335361, 1, 21, 112, 78, 0, 0.41%, 1, 0, 7, 413.37
1630336006, 1, 21, 113, 79, 0, 0.41%, 1, 0, 7, 428.65
1630336011, 1, 25, 114, 79, 0, 0.41%, 1, 0, 7, 430.14
1630336812, 1, 30, 114, 78, 0, 0.41%, 1, 0, 7, 432.17
1630336818, 1, 32, 114, 78, 0, 0.41%, 1, 0, 7, 417.65
1630337430, 1, 35, 116, 79, 0, 0.41%, 1, 0, 7, 510.30
1630337435, 1, 43, 116, 79, 0, 0.41%, 1, 0, 7, 435.34
1630337486, 1, 43, 117, 80, 0, 0.41%, 1, 0, 7, 364.54
1630338469, 1, 61, 117, 79, 0, 0.41%, 1, 0, 7, 471.49
1630339343, 1, 61, 118, 80, 0, 0.41%, 1, 0, 7, 461.79
1630339348, 1, 66, 118, 79, 0, 0.41%, 1, 0, 7, 404.26
1630340138, 1, 66, 120, 81, 0, 0.41%, 1, 0, 7, 461.73
1630340143, 1, 118, 120, 80, 1, 0.41%, 1, 0, 7, 494.03
1630341530, 1, 118, 122, 82, 1, 0.41%, 1, 0, 7, 364.84
1630341535, 1, 118, 125, 85, 1, 0.41%, 1, 0, 7, 449.03
1630341550, 1, 118, 126, 86, 1, 0.41%, 1, 0, 7, 493.98
1630341581, 1, 121, 126, 85, 0, 0.41%, 1, 0, 7, 439.33
1630343934, 2, 0, 127, 85, 0, 0.41%, 1, 0, 7, 472.04
1630343939, 2, 4, 127, 85, 0, 0.41%, 1, 0, 7, 424.34
1630344586, 2, 16, 127, 84, 0, 0.41%, 1, 0, 7, 489.38
1630344591, 2, 28, 127, 84, 0, 0.41%, 1, 0, 7, 427.39
1630344694, 2, 33, 127, 83, 0, 0.41%, 1, 0, 7, 441.42
1630345032, 2, 36, 127, 82, 0, 0.41%, 1, 0, 7, 501.44
1630345038, 2, 47, 128, 83, 0, 0.41%, 1, 0, 7, 434.48
1630345840, 2, 52, 128, 82, 0, 0.41%, 1, 0, 7, 394.21
1630346985, 2, 53, 128, 81, 0, 0.41%, 1, 0, 7, 427.43
1630346990, 2, 59, 128, 81, 0, 0.41%, 1, 0, 7, 394.42
1630347939, 2, 59, 129, 82, 0, 0.41%, 1, 0, 7, 346.04
1630347944, 2, 60, 130, 82, 0, 0.41%, 1, 0, 7, 437.87
1630348847, 2, 67, 130, 81, 0, 0.41%, 1, 0, 7, 397.11
1630349782, 2, 69, 130, 80, 0, 0.41%, 1, 0, 7, 368.16
1630350906, 2, 69, 131, 81, 0, 0.41%, 1, 0, 7, 384.63
1630350911, 2, 75, 131, 80, 0, 0.41%, 1, 0, 7, 372.78
1630351825, 2, 75, 132, 81, 0, 0.41%, 1, 0, 7, 403.81
1630351831, 2, 76, 132, 80, 0, 0.41%, 1, 0, 7, 369.09
1630352954, 2, 78, 132, 79, 0, 0.41%, 1, 0, 7, 410.59
1630353476, 2, 78, 133, 80, 0, 0.41%, 1, 0, 7, 408.36
1630353864, 2, 132, 134, 80, 2, 0.41%, 1, 0, 7, 470.69
1630354686, 2, 132, 135, 81, 2, 0.41%, 1, 0, 7, 491.03
1630354722, 3, 3, 135, 80, 1, 0.41%, 1, 0, 7, 442.84
1630355288, 3, 7, 135, 79, 0, 0.41%, 1, 0, 7, 448.50
1630356097, 3, 10, 135, 78, 0, 0.41%, 1, 0, 7, 388.08
1630356770, 3, 15, 135, 77, 0, 0.41%, 1, 0, 7, 463.04
1630356883, 3, 18, 135, 76, 0, 0.41%, 1, 0, 7, 456.42
1630357192, 3, 28, 135, 75, 0, 0.41%, 1, 0, 7, 468.50
1630357197, 3, 38, 135, 75, 0, 0.41%, 1, 0, 7, 446.56
1630357946, 3, 64, 135, 74, 0, 0.41%, 1, 0, 7, 445.88
1630358963, 3, 73, 135, 73, 0, 0.41%, 1, 0, 7, 364.42
1630360377, 3, 77, 135, 72, 0, 0.41%, 1, 0, 7, 394.78
1630360382, 3, 88, 137, 74, 0, 0.41%, 1, 0, 7, 481.14
1630360387, 3, 90, 137, 74, 0, 0.41%, 1, 0, 7, 371.73
1630361001, 3, 90, 138, 75, 0, 0.41%, 1, 0, 7, 337.93
1630361194, 3, 90, 139, 76, 0, 0.41%, 1, 0, 7, 442.34
1630361204, 3, 137, 139, 75, 1, 0.41%, 1, 0, 7, 375.46
1630362170, 3, 138, 139, 74, 0, 0.41%, 1, 0, 7, 385.89
1630364537, 3, 138, 140, 75, 0, 0.41%, 1, 0, 7, 411.68
1630364552, 4, 0, 140, 74, 0, 0.41%, 1, 0, 7, 454.21
1630364557, 4, 1, 140, 74, 0, 0.41%, 1, 0, 7, 534.41
1630364659, 4, 11, 140, 73, 0, 0.41%, 1, 0, 7, 486.61
1630364664, 4, 31, 140, 73, 0, 0.41%, 1, 0, 7, 418.55
1630365205, 4, 34, 140, 72, 0, 0.41%, 1, 0, 7, 419.84
1630365546, 4, 50, 140, 71, 0, 0.41%, 1, 0, 7, 464.73
1630366279, 4, 55, 140, 70, 0, 0.41%, 1, 0, 7, 435.45
1630367031, 4, 55, 141, 71, 0, 0.41%, 1, 0, 7, 433.49
1630367036, 4, 57, 141, 70, 0, 0.41%, 1, 0, 7, 416.95
1630367870, 4, 57, 142, 71, 0, 0.41%, 1, 0, 7, 351.40
1630367875, 4, 63, 143, 71, 0, 0.41%, 1, 0, 7, 457.62
1630367880, 4, 65, 143, 71, 0, 0.41%, 1, 0, 7, 390.80
1630368719, 4, 72, 143, 70, 0, 0.41%, 1, 0, 7, 362.47
1630370173, 4, 80, 143, 69, 0, 0.41%, 1, 0, 7, 406.06
1630370892, 4, 80, 144, 70, 0, 0.41%, 1, 0, 7, 488.13
1630370897, 4, 81, 144, 69, 0, 0.41%, 1, 0, 7, 402.40
1630371810, 4, 83, 144, 68, 0, 0.41%, 1, 0, 7, 466.85
1630371815, 4, 84, 144, 68, 0, 0.41%, 1, 0, 7, 368.23
1630372727, 4, 85, 144, 67, 0, 0.41%, 1, 0, 7, 459.37
1630372732, 4, 145, 146, 69, 1, 0.41%, 1, 0, 7, 457.50
1630373985, 4, 145, 148, 71, 1, 0.41%, 1, 0, 7, 508.42
1630374005, 4, 145, 149, 72, 1, 0.41%, 1, 0, 7, 598.92
1630374031, 4, 145, 150, 73, 1, 0.41%, 1, 0, 7, 602.88
1630374036, 4, 145, 151, 74, 1, 0.41%, 1, 0, 7, 593.54
1630374041, 4, 150, 151, 73, 0, 0.41%, 1, 0, 7, 448.45
1630376821, 4, 150, 152, 74, 0, 0.41%, 1, 0, 8, 375.14
1630377225, 4, 150, 153, 75, 0, 0.41%, 1, 0, 8, 374.35
1630377235, 4, 150, 155, 77, 0, 0.41%, 1, 0, 8, 468.53
1630377240, 4, 150, 156, 78, 0, 0.41%, 1, 0, 8, 497.86
1630377250, 4, 150, 157, 79, 0, 0.41%, 1, 0, 8, 513.56
1630377270, 4, 150, 158, 80, 0, 0.41%, 1, 0, 8, 503.15
1630377290, 4, 150, 159, 81, 0, 0.41%, 1, 0, 8, 514.12
1630377301, 4, 156, 159, 80, 0, 0.41%, 1, 0, 8, 347.96
1630390310, 4, 156, 161, 82, 0, 0.41%, 1, 0, 9, 305.52
1630390315, 4, 156, 162, 83, 0, 0.41%, 1, 0, 9, 362.11
1630390320, 4, 156, 163, 84, 0, 0.41%, 1, 0, 9, 394.83
1630390326, 4, 156, 165, 86, 0, 0.41%, 1, 0, 9, 381.73
1630390336, 4, 156, 166, 87, 0, 0.41%, 1, 0, 9, 394.79
1630390377, 4, 158, 166, 86, 0, 0.41%, 1, 0, 9, 301.23
