# unix_time, cycles_done, cur_path, paths_total, pending_total, pending_favs, map_size, unique_crashes, unique_hangs, max_depth, execs_per_sec
1620022853, 0, 0, 1, 1, 1, 1.03%, 0, 0, 1, 17.74
1620022858, 0, 0, 31, 31, 1, 1.55%, 0, 0, 2, 393.48
1620022863, 0, 0, 40, 40, 1, 1.61%, 0, 0, 2, 438.15
1620022868, 0, 0, 50, 50, 1, 1.63%, 0, 0, 2, 438.58
1620022873, 0, 0, 73, 73, 1, 1.71%, 0, 0, 2, 456.15
1620022878, 0, 0, 76, 76, 1, 1.71%, 0, 0, 2, 439.21
1620022883, 0, 0, 78, 78, 1, 1.71%, 0, 0, 2, 431.96
1620022894, 0, 0, 84, 84, 1, 1.73%, 0, 0, 2, 457.58
1620022899, 0, 0, 85, 85, 1, 1.73%, 0, 0, 2, 456.61
1620022909, 0, 0, 90, 90, 1, 1.73%, 0, 0, 2, 483.45
1620022939, 0, 0, 108, 108, 1, 1.75%, 0, 0, 2, 199.88
1620022944, 0, 0, 116, 116, 1, 1.75%, 0, 0, 2, 135.50
1620022954, 0, 0, 122, 122, 1, 1.75%, 0, 0, 2, 115.51
1620022959, 0, 0, 128, 128, 1, 1.75%, 0, 0, 2, 107.52
1620022965, 0, 0, 130, 130, 1, 1.75%, 0, 0, 2, 101.84
1620022975, 0, 0, 134, 134, 1, 1.75%, 0, 0, 2, 102.60
1620023041, 0, 0, 135, 135, 1, 1.75%, 0, 0, 2, 147.14
1620023046, 0, 0, 136, 136, 1, 1.75%, 0, 0, 2, 150.61
1620023082, 0, 0, 137, 137, 1, 1.75%, 0, 0, 2, 145.04
1620023092, 0, 0, 138, 138, 1, 1.76%, 0, 0, 2, 146.96
1620023215, 0, 0, 139, 139, 1, 1.76%, 0, 0, 2, 253.90
1620023230, 0, 0, 146, 146, 1, 1.76%, 0, 0, 2, 169.46
1620023235, 0, 0, 157, 157, 1, 1.84%, 0, 0, 2, 160.05
1620023241, 0, 0, 169, 169, 1, 1.84%, 0, 0, 2, 150.15
1620023246, 0, 0, 175, 175, 1, 1.93%, 0, 0, 2, 141.99
1620023251, 0, 0, 180, 180, 1, 1.93%, 0, 0, 2, 146.20
1620023256, 0, 0, 181, 181, 1, 1.93%, 0, 0, 2, 149.69
1620023292, 0, 0, 184, 184, 1, 1.93%, 0, 0, 2, 152.10
1620025293, 0, 0, 187, 187, 1, 1.93%, 0, 0, 2, 152.14
1620025314, 0, 0, 196, 196, 1, 1.93%, 0, 0, 2, 156.94
1620025319, 0, 0, 203, 203, 1, 1.93%, 0, 0, 2, 176.45
1620025324, 0, 0, 208, 208, 1, 1.94%, 0, 0, 2, 172.72
1620025329, 0, 0, 211, 211, 1, 1.94%, 0, 0, 2, 173.81
1620025334, 0, 0, 214, 214, 1, 1.94%, 0, 0, 2, 172.54
1620025339, 0, 0, 215, 215, 1, 1.94%, 0, 0, 2, 179.72
1620025344, 0, 0, 218, 218, 1, 1.94%, 0, 0, 2, 180.25
1620025349, 0, 0, 220, 220, 1, 1.94%, 0, 0, 2, 180.93
1620025355, 0, 0, 222, 222, 1, 1.94%, 0, 0, 2, 185.80
1620025360, 0, 0, 225, 225, 1, 1.94%, 0, 0, 2, 175.40
1620025365, 0, 0, 229, 229, 1, 1.94%, 0, 0, 2, 174.52
1620025370, 0, 0, 231, 231, 1, 1.94%, 0, 0, 2, 171.02
1620025380, 0, 0, 234, 234, 1, 1.94%, 0, 0, 2, 177.73
1620025391, 0, 0, 238, 238, 1, 1.94%, 0, 0, 2, 172.84
1620025396, 0, 0, 239, 239, 1, 1.94%, 0, 0, 2, 178.76
1620025401, 0, 0, 241, 241, 1, 1.94%, 0, 0, 2, 181.49
1620025406, 0, 0, 242, 242, 1, 1.94%, 0, 0, 2, 188.60
1620025416, 0, 0, 245, 245, 1, 1.94%, 0, 0, 2, 173.06
1620025421, 0, 0, 246, 246, 1, 1.94%, 0, 0, 2, 173.01
1620025426, 0, 0, 247, 247, 1, 1.94%, 0, 0, 2, 179.35
1620025431, 0, 0, 248, 248, 1, 1.94%, 0, 0, 2, 175.59
1620025436, 0, 0, 249, 249, 1, 1.94%, 0, 0, 2, 178.50
1620025456, 0, 0, 250, 250, 1, 1.94%, 0, 0, 2, 175.38
1620025461, 0, 0, 252, 252, 1, 1.95%, 0, 0, 2, 178.67
1620025487, 0, 0, 253, 253, 1, 1.95%, 0, 0, 2, 173.42
1620025497, 0, 0, 255, 255, 1, 1.95%, 0, 0, 2, 173.60
1620025502, 0, 1, 255, 254, 61, 1.95%, 0, 0, 2, 210.70
1620025604, 0, 4, 255, 253, 60, 1.95%, 0, 0, 2, 243.47
1620025619, 0, 4, 256, 254, 60, 1.96%, 0, 0, 3, 117.82
1620025736, 0, 4, 257, 255, 60, 1.97%, 0, 0, 3, 229.10
1620025746, 0, 5, 258, 255, 58, 1.97%, 1, 0, 3, 245.41
1620025751, 0, 5, 259, 256, 58, 2.28%, 1, 0, 3, 181.14
1620025782, 0, 5, 260, 257, 58, 2.29%, 1, 0, 3, 144.81
1620025787, 0, 5, 261, 258, 58, 2.29%, 1, 0, 3, 153.11
1620025792, 0, 5, 262, 259, 58, 2.29%, 1, 0, 3, 146.86
1620025797, 0, 5, 263, 260, 58, 2.29%, 1, 0, 3, 147.28
1620025873, 0, 5, 264, 261, 58, 2.29%, 1, 0, 3, 151.51
1620025883, 0, 7, 264, 260, 59, 2.29%, 2, 0, 3, 278.10
1620026025, 0, 13, 264, 259, 58, 2.29%, 2, 0, 3, 242.59
1620026162, 0, 14, 265, 259, 57, 2.30%, 2, 0, 3, 230.07
1620026198, 0, 14, 266, 260, 57, 2.30%, 2, 0, 3, 157.51
1620026208, 0, 14, 267, 261, 57, 2.30%, 2, 0, 3, 142.98
1620026259, 0, 14, 268, 262, 57, 2.30%, 2, 0, 3, 162.77
1620026299, 0, 16, 268, 261, 57, 2.30%, 2, 0, 3, 246.30
1620026437, 0, 17, 268, 260, 56, 2.30%, 2, 0, 3, 227.97
1620026574, 0, 18, 268, 259, 55, 2.30%, 2, 0, 3, 226.51
1620029137, 0, 20, 268, 258, 54, 2.30%, 2, 0, 3, 162.25
1620029167, 0, 20, 269, 259, 54, 2.30%, 2, 0, 3, 144.59
1620029515, 0, 20, 271, 261, 54, 2.32%, 2, 0, 3, 146.86
1620031673, 0, 20, 272, 262, 54, 2.32%, 2, 0, 3, 170.72
1620031678, 0, 20, 272, 262, 54, 2.32%, 3, 0, 3, 178.43
1620031688, 0, 21, 272, 261, 55, 2.32%, 3, 0, 3, 162.33
1620034232, 0, 22, 272, 260, 54, 2.32%, 3, 0, 3, 156.28
1620036789, 0, 22, 274, 262, 54, 2.32%, 3, 0, 3, 170.52
1620036800, 0, 22, 275, 263, 54, 2.32%, 3, 0, 3, 179.06
1620036810, 0, 22, 276, 264, 54, 2.32%, 3, 0, 3, 172.99
1620036835, 0, 22, 277, 265, 54, 2.32%, 3, 0, 3, 178.59
1620036861, 0, 22, 278, 266, 54, 2.32%, 3, 0, 3, 186.59
1620036871, 0, 22, 279, 267, 54, 2.32%, 3, 0, 3, 184.77
1620036891, 0, 22, 280, 268, 54, 2.32%, 3, 0, 3, 176.19
1620036896, 0, 22, 281, 269, 54, 2.32%, 3, 0, 3, 176.75
1620036922, 0, 23, 282, 269, 52, 2.32%, 3, 0, 3, 176.34
1620037422, 0, 23, 283, 270, 52, 2.32%, 3, 0, 3, 149.28
1620039464, 0, 32, 283, 269, 52, 2.32%, 3, 0, 3, 169.86
1620039914, 0, 32, 284, 270, 52, 2.33%, 3, 0, 3, 160.16
1620039919, 0, 32, 285, 271, 52, 2.33%, 3, 0, 3, 154.06
1620041749, 0, 33, 285, 270, 50, 2.33%, 3, 0, 3, 192.50
1620041795, 0, 33, 286, 271, 50, 2.33%, 3, 0, 3, 159.05
1620041886, 0, 42, 287, 271, 49, 2.34%, 3, 0, 3, 263.13
1620041891, 0, 42, 288, 272, 49, 2.34%, 3, 0, 3, 189.40
1620042019, 0, 43, 288, 271, 49, 2.34%, 3, 0, 3, 273.56
1620042141, 0, 43, 289, 272, 49, 2.34%, 3, 0, 3, 156.37
1620042156, 0, 48, 289, 271, 48, 2.34%, 3, 0, 3, 210.73
1620042171, 0, 48, 290, 272, 48, 2.34%, 3, 0, 3, 150.40
1620044723, 0, 53, 290, 271, 48, 2.34%, 3, 0, 3, 174.48
1620047020, 0, 56, 290, 270, 47, 2.34%, 3, 0, 3, 197.78
1620047157, 0, 57, 290, 269, 46, 2.34%, 3, 0, 3, 248.02
1620047172, 0, 57, 291, 270, 46, 2.34%, 3, 0, 3, 203.88
1620047197, 0, 57, 292, 271, 46, 2.34%, 3, 0, 3, 157.57
1620047294, 0, 58, 292, 270, 45, 2.34%, 3, 0, 3, 233.57
1620047431, 0, 59, 292, 269, 44, 2.34%, 3, 0, 3, 235.77
1620047472, 0, 59, 293, 270, 44, 2.34%, 3, 0, 3, 152.29
1620047568, 0, 66, 293, 269, 43, 2.34%, 3, 0, 3, 225.55
1620047706, 0, 67, 293, 268, 42, 2.34%, 3, 0, 3, 210.60
1620047838, 0, 69, 293, 267, 41, 2.34%, 3, 0, 3, 235.03
1620048415, 0, 69, 296, 270, 41, 2.35%, 3, 0, 3, 152.99
1620048420, 0, 69, 297, 271, 41, 2.35%, 3, 0, 3, 150.99
1620050377, 0, 70, 297, 270, 43, 2.35%, 3, 0, 3, 172.14
1620051006, 0, 70, 298, 271, 43, 2.36%, 3, 0, 3, 146.75
1620052915, 0, 70, 299, 272, 43, 2.36%, 3, 0, 3, 165.75
1620052930, 0, 75, 299, 271, 43, 2.36%, 3, 0, 3, 163.26
1620053006, 0, 75, 300, 272, 43, 2.36%, 3, 0, 3, 146.03
1620055487, 0, 76, 300, 271, 42, 2.36%, 3, 0, 3, 157.31
1620055696, 0, 76, 301, 272, 42, 2.36%, 3, 0, 3, 150.13
1620056753, 0, 78, 301, 271, 43, 2.36%, 3, 0, 3, 178.14
1620056881, 0, 78, 302, 272, 43, 2.36%, 3, 0, 3, 152.09
1620059272, 0, 80, 302, 271, 42, 2.36%, 3, 0, 3, 187.55
1620061356, 0, 80, 303, 272, 42, 2.36%, 3, 0, 3, 280.76
1620061366, 0, 81, 303, 271, 41, 2.36%, 3, 0, 3, 280.34
1620061427, 0, 83, 303, 270, 40, 2.36%, 3, 0, 3, 390.01
1620061493, 0, 84, 303, 269, 39, 2.36%, 3, 0, 3, 375.74
1620061560, 0, 84, 304, 270, 39, 2.36%, 3, 0, 3, 434.16
1620061565, 0, 85, 304, 269, 38, 2.36%, 3, 0, 3, 352.52
1620061586, 0, 85, 305, 270, 38, 2.36%, 3, 0, 3, 242.68
1620061631, 0, 90, 306, 270, 37, 2.37%, 3, 0, 3, 346.85
1620061662, 0, 90, 307, 271, 37, 2.37%, 3, 0, 3, 178.41
1620061718, 0, 98, 307, 270, 37, 2.37%, 3, 0, 3, 311.13
1620061738, 0, 98, 308, 271, 37, 2.37%, 3, 0, 3, 267.36
1620061744, 0, 98, 309, 272, 37, 2.37%, 3, 0, 3, 232.15
1620061805, 0, 100, 309, 271, 36, 2.37%, 3, 0, 3, 343.56
1620061830, 0, 100, 310, 272, 36, 2.37%, 3, 0, 3, 247.65
1620061876, 0, 100, 311, 273, 36, 2.37%, 3, 0, 3, 225.53
1620061891, 0, 100, 312, 274, 36, 2.37%, 3, 0, 3, 302.71
1620061897, 0, 135, 312, 273, 35, 2.37%, 3, 0, 3, 325.05
1620062131, 0, 135, 313, 274, 35, 2.37%, 3, 0, 3, 212.38
1620063586, 0, 137, 313, 273, 35, 2.37%, 3, 0, 3, 245.06
1620063790, 0, 137, 314, 274, 35, 2.38%, 3, 0, 3, 219.92
1620065282, 0, 145, 314, 273, 35, 2.38%, 3, 0, 3, 261.51
1620065313, 0, 145, 315, 274, 35, 2.38%, 3, 0, 3, 221.63
1620065421, 0, 147, 315, 273, 34, 2.38%, 3, 0, 3, 24.84
1620065426, 0, 147, 316, 274, 34, 2.38%, 3, 0, 3, 269.99
1620065431, 0, 147, 317, 275, 34, 2.38%, 3, 0, 3, 12.58
1620065436, 0, 147, 318, 276, 34, 2.38%, 3, 0, 3, 12.38
1620065457, 0, 147, 319, 277, 34, 2.38%, 3, 0, 3, 242.67
1620065467, 0, 147, 320, 278, 34, 2.38%, 3, 0, 3, 20.29
1620065533, 0, 147, 321, 279, 34, 2.38%, 3, 0, 3, 220.95
1620065538, 0, 147, 323, 281, 34, 2.38%, 3, 0, 3, 12.51
1620065549, 0, 147, 324, 282, 34, 2.38%, 3, 0, 3, 13.32
1620065585, 0, 147, 325, 283, 34, 2.45%, 3, 0, 3, 16.82
1620065590, 0, 147, 326, 284, 34, 2.45%, 3, 0, 3, 14.36
1620065595, 0, 147, 327, 285, 34, 2.45%, 3, 0, 3, 14.27
1620065605, 0, 147, 328, 286, 34, 2.45%, 3, 0, 3, 12.95
1620065651, 0, 147, 329, 287, 34, 2.45%, 3, 0, 3, 15.12
1620065759, 0, 172, 329, 286, 35, 2.45%, 3, 0, 3, 320.82
1620066155, 0, 172, 330, 287, 35, 2.46%, 3, 0, 3, 0.84
1620067173, 0, 172, 331, 288, 35, 2.46%, 3, 0, 3, 0.56
1620067261, 0, 172, 332, 289, 35, 2.46%, 3, 0, 3, 0.93
1620067923, 0, 172, 333, 290, 35, 2.46%, 3, 0, 3, 0.84
1620071112, 0, 172, 334, 291, 35, 2.46%, 3, 0, 3, 0.74
1620077405, 0, 172, 335, 292, 35, 2.47%, 3, 0, 3, 246.38
1620079192, 0, 172, 336, 293, 35, 2.47%, 3, 0, 3, 0.74
1620079549, 0, 172, 337, 294, 35, 2.47%, 3, 0, 3, 0.19
