# unix_time, cycles_done, cur_path, paths_total, pending_total, pending_favs, map_size, unique_crashes, unique_hangs, max_depth, execs_per_sec
1619513321, 0, 0, 1, 1, 1, 0.30%, 0, 0, 1, 421.05
1619513326, 0, 0, 24, 24, 1, 0.61%, 0, 0, 2, 468.62
1619513331, 0, 0, 28, 28, 1, 0.61%, 0, 0, 2, 442.91
1619513336, 0, 0, 38, 38, 1, 0.63%, 0, 0, 2, 443.34
1619513341, 0, 0, 56, 56, 1, 0.69%, 0, 0, 2, 445.72
1619513346, 0, 0, 57, 57, 1, 0.69%, 0, 0, 2, 439.15
1619513356, 0, 0, 60, 60, 1, 0.69%, 0, 0, 2, 436.77
1619513361, 0, 0, 62, 62, 1, 0.69%, 0, 0, 2, 441.94
1619513371, 0, 0, 64, 64, 1, 0.69%, 0, 0, 2, 437.23
1619513376, 0, 0, 65, 65, 1, 0.69%, 0, 0, 2, 439.94
1619513381, 0, 0, 66, 66, 1, 0.70%, 0, 0, 2, 449.59
1619513402, 0, 0, 71, 71, 1, 0.70%, 0, 0, 2, 442.67
1619513427, 0, 0, 88, 88, 1, 0.75%, 0, 0, 2, 481.62
1619513432, 0, 0, 91, 91, 1, 0.75%, 0, 0, 2, 431.54
1619513437, 0, 0, 95, 95, 1, 0.75%, 0, 0, 2, 434.14
1619513442, 0, 0, 98, 98, 1, 0.76%, 0, 0, 2, 434.84
1619513448, 0, 0, 99, 99, 1, 0.76%, 0, 0, 2, 435.59
1619513488, 0, 0, 100, 100, 1, 0.76%, 0, 0, 2, 437.14
1619513493, 0, 0, 101, 101, 1, 0.76%, 0, 0, 2, 436.09
1619513498, 0, 0, 102, 102, 1, 0.77%, 0, 0, 2, 438.28
1619513509, 0, 0, 103, 103, 1, 0.77%, 0, 0, 2, 437.95
1619513514, 0, 0, 104, 104, 1, 0.77%, 0, 0, 2, 439.51
1619513519, 0, 0, 105, 105, 1, 0.78%, 0, 0, 2, 440.42
1619513524, 0, 0, 107, 107, 1, 0.78%, 0, 0, 2, 441.44
1619513544, 0, 0, 109, 109, 1, 0.78%, 0, 0, 2, 615.59
1619513549, 0, 0, 111, 111, 1, 0.78%, 0, 0, 2, 597.80
1619513555, 0, 0, 136, 136, 1, 0.88%, 0, 0, 2, 466.23
1619513560, 0, 0, 137, 137, 1, 0.88%, 0, 0, 2, 430.60
1619514283, 0, 0, 160, 160, 1, 0.88%, 0, 0, 2, 484.15
1619514288, 0, 0, 165, 165, 1, 0.88%, 0, 0, 2, 501.10
1619514293, 0, 0, 172, 172, 1, 0.88%, 0, 0, 2, 500.90
1619514298, 0, 0, 174, 174, 1, 0.88%, 0, 0, 2, 516.04
1619514303, 0, 0, 177, 177, 1, 0.88%, 0, 0, 2, 511.10
1619514308, 0, 0, 181, 181, 1, 0.88%, 0, 0, 2, 505.12
1619514313, 0, 0, 182, 182, 1, 0.88%, 0, 0, 2, 505.41
1619514318, 0, 0, 184, 184, 1, 0.89%, 0, 0, 2, 506.29
1619514323, 0, 0, 186, 186, 1, 0.89%, 0, 0, 2, 503.46
1619514328, 0, 0, 187, 187, 1, 0.89%, 0, 0, 2, 502.53
1619514344, 0, 0, 188, 188, 1, 0.89%, 0, 0, 2, 495.73
1619514349, 0, 1, 189, 188, 48, 0.89%, 0, 0, 2, 548.13
1619514384, 0, 2, 189, 187, 47, 0.89%, 0, 0, 2, 528.30
1619514394, 0, 2, 190, 188, 47, 0.89%, 0, 0, 3, 528.29
1619514430, 0, 4, 190, 187, 46, 0.89%, 0, 0, 3, 596.72
1619514481, 0, 5, 192, 188, 45, 0.90%, 1, 0, 3, 560.58
1619514486, 0, 5, 195, 191, 45, 0.90%, 1, 0, 3, 722.36
1619514496, 0, 5, 198, 194, 45, 0.91%, 1, 0, 3, 492.29
1619514521, 0, 5, 199, 195, 45, 0.91%, 1, 0, 3, 478.94
1619514526, 0, 5, 203, 199, 45, 0.92%, 1, 0, 3, 745.73
1619514531, 0, 5, 205, 201, 45, 0.92%, 1, 0, 3, 841.27
1619514541, 0, 5, 206, 202, 45, 0.92%, 1, 0, 3, 861.00
1619514547, 0, 5, 207, 203, 45, 0.92%, 2, 0, 3, 867.92
1619514552, 0, 5, 208, 204, 45, 0.92%, 3, 0, 3, 869.72
1619514557, 0, 5, 210, 206, 45, 0.92%, 3, 0, 3, 874.65
1619514562, 0, 6, 210, 205, 46, 0.92%, 3, 0, 3, 767.93
1619514597, 0, 7, 210, 204, 45, 0.92%, 3, 0, 3, 567.82
1619514648, 0, 8, 210, 203, 44, 0.92%, 3, 0, 3, 523.56
1619514663, 0, 8, 211, 204, 44, 0.92%, 3, 0, 3, 478.94
1619514698, 0, 9, 211, 203, 43, 0.92%, 3, 0, 3, 522.30
1619514744, 0, 14, 211, 202, 42, 0.92%, 3, 0, 3, 531.02
1619515606, 0, 14, 212, 203, 42, 0.92%, 3, 0, 3, 460.40
1619515611, 0, 14, 213, 204, 42, 0.92%, 3, 0, 3, 496.66
1619515616, 0, 14, 216, 207, 42, 0.92%, 3, 0, 3, 501.18
1619515626, 0, 14, 217, 208, 42, 0.92%, 3, 0, 3, 505.24
1619515636, 0, 14, 218, 209, 42, 0.92%, 3, 0, 3, 501.51
1619515646, 0, 14, 219, 210, 42, 0.92%, 3, 0, 3, 513.69
1619515651, 0, 14, 220, 211, 42, 0.92%, 3, 0, 3, 517.49
1619515657, 0, 18, 220, 210, 42, 0.92%, 3, 0, 3, 467.41
1619516506, 0, 22, 220, 209, 42, 0.92%, 3, 0, 3, 471.18
1619516557, 0, 35, 220, 208, 41, 0.92%, 3, 0, 3, 507.98
1619516562, 0, 35, 221, 209, 41, 0.92%, 3, 0, 3, 452.99
1619517424, 0, 37, 221, 208, 41, 0.92%, 3, 0, 3, 457.07
1619517429, 0, 37, 222, 209, 41, 0.92%, 3, 0, 3, 440.73
1619517465, 0, 37, 223, 210, 41, 0.92%, 3, 0, 3, 440.80
1619518337, 0, 37, 228, 215, 41, 0.92%, 3, 0, 3, 488.63
1619518343, 0, 37, 229, 216, 41, 0.92%, 3, 0, 3, 499.08
1619518353, 0, 37, 230, 217, 41, 0.92%, 3, 0, 3, 505.09
1619518358, 0, 37, 231, 218, 41, 0.92%, 3, 0, 3, 508.27
1619518363, 0, 37, 232, 219, 41, 0.92%, 3, 0, 3, 504.35
1619518368, 0, 37, 233, 220, 41, 0.92%, 3, 0, 3, 504.13
1619518384, 0, 37, 234, 221, 41, 0.92%, 3, 0, 3, 517.62
1619518399, 0, 41, 234, 220, 41, 0.92%, 3, 0, 3, 476.37
1619518533, 0, 41, 235, 221, 41, 0.94%, 3, 0, 3, 443.21
1619519314, 0, 44, 236, 221, 42, 0.94%, 3, 0, 3, 495.22
1619519360, 0, 45, 236, 220, 41, 0.94%, 3, 0, 3, 543.79
1619519411, 0, 47, 236, 219, 40, 0.94%, 3, 0, 3, 530.72
1619519426, 0, 47, 237, 220, 40, 0.94%, 3, 0, 3, 491.43
1619519462, 0, 52, 237, 219, 39, 0.94%, 3, 0, 3, 559.26
1619519512, 0, 54, 237, 218, 38, 0.94%, 3, 0, 3, 493.53
1619519532, 0, 54, 238, 219, 38, 0.94%, 3, 0, 3, 446.93
1619519644, 0, 54, 239, 220, 38, 0.94%, 3, 0, 3, 451.28
1619520378, 0, 59, 240, 220, 39, 0.94%, 3, 0, 3, 481.93
1619520403, 0, 59, 241, 221, 39, 0.94%, 3, 0, 3, 437.13
1619521245, 0, 62, 241, 220, 39, 0.94%, 3, 0, 3, 443.21
1619522107, 0, 64, 241, 219, 37, 0.94%, 3, 0, 3, 507.32
1619522143, 0, 72, 241, 218, 36, 0.94%, 3, 0, 3, 545.66
1619522158, 0, 72, 243, 220, 36, 0.94%, 3, 0, 3, 476.95
1619522169, 0, 72, 244, 221, 36, 0.94%, 3, 0, 3, 514.60
1619522184, 0, 72, 245, 222, 36, 0.94%, 3, 0, 3, 438.64
1619522260, 0, 85, 245, 221, 35, 0.94%, 4, 0, 3, 576.54
1619522290, 0, 85, 247, 223, 35, 0.94%, 4, 0, 3, 473.59
1619522295, 0, 85, 253, 229, 35, 1.05%, 4, 0, 3, 444.84
1619522305, 0, 90, 253, 228, 37, 1.05%, 4, 0, 3, 478.35
1619523173, 0, 96, 253, 227, 37, 1.05%, 4, 0, 3, 449.70
1619523271, 0, 96, 254, 228, 37, 1.05%, 4, 0, 3, 441.79
1619524031, 0, 97, 254, 227, 37, 1.05%, 4, 0, 3, 444.76
1619524222, 0, 97, 255, 228, 37, 1.05%, 4, 0, 3, 426.09
1619524890, 0, 104, 255, 227, 37, 1.05%, 4, 0, 3, 448.61
1619525029, 0, 104, 256, 228, 37, 1.05%, 4, 0, 3, 426.56
1619525816, 0, 108, 256, 227, 37, 1.05%, 4, 0, 3, 440.06
1619525826, 0, 108, 257, 228, 37, 1.06%, 4, 0, 3, 522.78
1619525893, 0, 112, 257, 227, 37, 1.06%, 4, 0, 3, 527.71
1619525939, 0, 112, 259, 229, 37, 1.10%, 4, 0, 3, 411.62
1619525985, 0, 117, 259, 228, 36, 1.10%, 4, 0, 3, 508.24
1619526000, 0, 117, 261, 230, 36, 1.10%, 4, 0, 3, 468.67
1619526011, 0, 117, 262, 231, 36, 1.10%, 4, 0, 3, 479.37
1619526093, 0, 134, 262, 230, 35, 1.10%, 4, 0, 3, 478.50
1619526098, 0, 134, 263, 231, 35, 1.10%, 4, 0, 3, 423.73
1619526113, 0, 134, 264, 232, 35, 1.11%, 4, 0, 3, 423.53
1619526119, 0, 134, 265, 233, 35, 1.11%, 4, 0, 3, 408.47
1619526124, 0, 134, 266, 234, 35, 1.11%, 4, 0, 3, 410.15
1619526319, 0, 134, 267, 235, 35, 1.11%, 4, 0, 3, 418.51
1619527075, 0, 135, 267, 234, 36, 1.11%, 5, 0, 3, 428.89
1619527262, 0, 135, 268, 235, 36, 1.16%, 5, 0, 3, 470.18
1619528066, 0, 135, 269, 236, 36, 1.16%, 5, 0, 3, 469.18
1619528071, 0, 157, 269, 235, 35, 1.16%, 5, 0, 3, 520.89
1619528436, 0, 160, 269, 234, 34, 1.16%, 5, 0, 3, 487.56
1619528919, 0, 166, 270, 234, 33, 1.16%, 5, 0, 3, 482.83
1619528950, 0, 166, 271, 235, 33, 1.16%, 5, 0, 3, 461.64
1619528960, 0, 166, 272, 236, 33, 1.16%, 5, 0, 3, 452.90
1619528965, 0, 166, 273, 237, 33, 1.16%, 5, 0, 3, 448.51
1619529303, 0, 166, 276, 240, 33, 1.16%, 5, 0, 3, 558.40
1619529308, 0, 166, 277, 241, 33, 1.16%, 5, 0, 3, 595.50
1619529313, 0, 166, 278, 242, 33, 1.16%, 5, 0, 3, 587.99
1619529318, 0, 166, 278, 242, 33, 1.16%, 6, 0, 3, 588.75
1619529354, 0, 166, 279, 243, 33, 1.16%, 6, 0, 3, 594.01
1619529359, 0, 169, 279, 242, 33, 1.16%, 6, 0, 3, 565.88
1619529400, 0, 172, 279, 241, 31, 1.16%, 6, 0, 3, 603.46
1619529441, 0, 172, 280, 242, 31, 1.16%, 6, 0, 3, 472.48
1619529533, 0, 172, 281, 243, 31, 1.16%, 6, 0, 3, 591.36
1619529538, 0, 176, 281, 242, 31, 1.16%, 6, 0, 3, 501.99
1619529553, 0, 176, 282, 243, 31, 1.16%, 6, 0, 3, 452.25
1619530082, 0, 176, 286, 247, 31, 1.17%, 6, 0, 3, 433.15
1619530246, 0, 176, 287, 248, 31, 1.17%, 6, 0, 3, 437.18
1619530416, 0, 176, 289, 250, 31, 1.17%, 6, 0, 3, 483.76
1619530421, 0, 177, 289, 249, 33, 1.17%, 6, 0, 3, 477.12
1619530908, 0, 179, 289, 248, 32, 1.17%, 6, 0, 3, 458.61
1619531847, 0, 179, 290, 249, 32, 1.17%, 6, 0, 3, 469.56
1619531852, 0, 191, 294, 252, 32, 1.18%, 6, 0, 4, 475.61
1619531857, 0, 191, 295, 253, 32, 1.18%, 6, 0, 4, 794.48
1619531872, 0, 191, 296, 254, 32, 1.18%, 6, 0, 4, 417.08
1619531903, 0, 192, 297, 254, 31, 1.18%, 7, 0, 4, 559.32
1619531918, 0, 192, 298, 255, 31, 1.18%, 7, 0, 4, 480.13
1619531933, 0, 192, 299, 256, 31, 1.18%, 7, 0, 4, 473.85
1619531944, 0, 192, 300, 257, 31, 1.18%, 7, 0, 4, 612.78
1619531949, 0, 193, 300, 256, 31, 1.18%, 7, 0, 4, 601.35
1619531994, 0, 202, 300, 255, 30, 1.18%, 7, 0, 4, 516.71
1619532040, 0, 205, 300, 254, 29, 1.18%, 7, 0, 4, 549.06
1619532081, 0, 209, 300, 253, 28, 1.18%, 8, 0, 4, 581.29
1619532122, 0, 210, 300, 252, 27, 1.18%, 8, 0, 4, 607.50
1619532213, 0, 210, 301, 253, 27, 1.18%, 8, 0, 4, 602.00
1619532218, 0, 220, 301, 252, 26, 1.18%, 8, 0, 4, 493.38
1619533089, 0, 220, 302, 253, 26, 1.18%, 8, 0, 4, 470.58
1619533094, 0, 232, 302, 252, 25, 1.18%, 8, 0, 4, 457.47
1619533099, 0, 232, 303, 253, 25, 1.18%, 8, 0, 4, 439.13
1619534039, 0, 234, 303, 252, 24, 1.18%, 8, 0, 4, 456.25
1619534044, 0, 234, 308, 257, 24, 1.19%, 8, 0, 4, 441.57
1619534054, 0, 234, 309, 258, 24, 1.19%, 8, 0, 4, 461.65
1619534069, 0, 234, 311, 260, 24, 1.19%, 8, 0, 4, 434.82
1619534181, 0, 234, 312, 261, 24, 1.19%, 8, 0, 4, 434.07
1619534728, 0, 234, 313, 262, 24, 1.19%, 8, 0, 4, 426.99
1619534733, 0, 234, 314, 263, 24, 1.19%, 8, 0, 4, 428.63
1619534962, 0, 234, 315, 264, 24, 1.19%, 8, 0, 4, 462.49
1619534967, 0, 235, 316, 264, 28, 1.19%, 8, 0, 4, 502.40
1619535013, 0, 237, 317, 264, 27, 1.19%, 8, 0, 4, 657.16
1619535889, 0, 237, 318, 265, 27, 1.19%, 8, 0, 4, 474.88
1619535894, 0, 238, 318, 264, 26, 1.19%, 8, 0, 4, 448.19
1619535900, 0, 238, 319, 265, 26, 1.20%, 8, 0, 4, 438.50
1619536767, 0, 238, 320, 266, 26, 1.20%, 8, 0, 4, 475.31
1619536773, 0, 240, 320, 265, 26, 1.20%, 8, 0, 4, 450.17
1619536798, 0, 240, 321, 266, 26, 1.20%, 8, 0, 4, 435.06
1619537635, 0, 246, 321, 265, 26, 1.20%, 8, 0, 4, 502.68
1619537676, 0, 246, 322, 266, 26, 1.20%, 8, 0, 4, 432.36
1619537696, 0, 248, 322, 265, 25, 1.20%, 8, 0, 4, 581.19
1619537758, 0, 251, 322, 264, 24, 1.20%, 8, 0, 4, 538.99
1619537856, 0, 251, 327, 269, 24, 1.23%, 8, 0, 4, 415.92
1619537866, 0, 253, 327, 268, 25, 1.23%, 8, 0, 4, 512.23
1619537984, 0, 253, 328, 269, 25, 1.23%, 8, 0, 4, 440.96
1619538740, 0, 254, 328, 268, 24, 1.23%, 8, 0, 4, 442.38
1619538862, 0, 254, 329, 269, 24, 1.23%, 8, 0, 4, 427.65
1619539659, 0, 254, 330, 270, 24, 1.23%, 8, 0, 4, 462.10
1619539664, 0, 256, 330, 269, 24, 1.23%, 9, 0, 4, 480.46
1619539735, 0, 257, 330, 268, 23, 1.23%, 9, 0, 4, 553.66
1619539842, 0, 258, 331, 268, 22, 1.23%, 9, 0, 4, 498.35
1619539852, 0, 258, 332, 269, 22, 1.23%, 9, 0, 4, 455.52
1619539857, 0, 258, 333, 270, 22, 1.23%, 9, 0, 4, 547.03
1619539943, 0, 258, 335, 272, 22, 1.23%, 9, 0, 4, 400.16
1619539948, 0, 258, 337, 274, 22, 1.23%, 9, 0, 4, 406.60
1619539994, 0, 259, 337, 273, 23, 1.23%, 9, 0, 4, 472.86
1619540095, 0, 265, 337, 272, 22, 1.23%, 9, 0, 4, 527.73
1619540554, 0, 267, 337, 271, 21, 1.23%, 9, 0, 4, 335.63
1619540590, 0, 267, 338, 272, 21, 1.25%, 9, 0, 4, 285.62
1619540701, 0, 267, 339, 273, 21, 1.25%, 9, 0, 4, 406.40
1619540885, 0, 267, 340, 274, 21, 1.25%, 9, 0, 4, 400.92
1619542199, 0, 279, 340, 273, 21, 1.25%, 9, 0, 4, 466.25
1619542333, 0, 282, 340, 272, 20, 1.25%, 10, 0, 4, 622.47
1619542343, 0, 282, 341, 273, 20, 1.25%, 10, 0, 4, 441.10
1619543002, 0, 282, 342, 274, 20, 1.25%, 10, 0, 4, 433.56
1619543248, 0, 284, 342, 273, 20, 1.25%, 10, 0, 4, 439.44
1619543941, 0, 284, 343, 274, 20, 1.25%, 10, 0, 4, 427.43
1619544188, 0, 285, 343, 273, 20, 1.25%, 10, 0, 4, 446.20
1619544326, 0, 285, 344, 274, 20, 1.25%, 10, 0, 4, 431.64
1619545134, 0, 289, 344, 273, 20, 1.25%, 10, 0, 4, 450.65
1619545227, 0, 289, 345, 274, 20, 1.25%, 10, 0, 4, 429.01
1619546181, 0, 295, 345, 273, 20, 1.25%, 10, 0, 4, 474.27
1619546206, 0, 295, 346, 274, 20, 1.26%, 10, 0, 5, 495.99
1619546288, 0, 296, 346, 273, 20, 1.26%, 10, 0, 5, 599.64
1619546329, 0, 296, 347, 274, 20, 1.26%, 10, 0, 5, 651.20
1619546339, 0, 303, 347, 273, 19, 1.26%, 10, 0, 5, 638.67
1619547266, 0, 303, 348, 274, 19, 1.26%, 10, 0, 5, 473.08
1619547271, 0, 304, 348, 273, 18, 1.26%, 10, 0, 5, 478.00
1619547276, 0, 304, 349, 274, 18, 1.26%, 10, 0, 5, 441.93
1619548201, 0, 304, 350, 275, 18, 1.26%, 10, 0, 5, 463.23
1619548211, 0, 308, 350, 274, 18, 1.26%, 10, 0, 5, 442.92
1619548242, 0, 308, 351, 275, 18, 1.26%, 10, 0, 5, 432.49
1619549139, 0, 308, 353, 277, 18, 1.26%, 10, 0, 5, 464.42
1619549154, 0, 310, 353, 276, 17, 1.26%, 10, 0, 5, 479.46
1619549201, 0, 310, 354, 277, 17, 1.27%, 10, 0, 5, 435.79
1619549298, 0, 310, 357, 280, 17, 1.27%, 10, 0, 5, 427.97
1619549854, 0, 310, 358, 281, 17, 1.27%, 10, 0, 5, 426.85
1619550086, 0, 310, 359, 282, 17, 1.27%, 10, 0, 5, 475.66
1619550091, 0, 312, 359, 281, 18, 1.27%, 10, 0, 5, 484.19
1619551066, 0, 318, 359, 280, 17, 1.27%, 10, 0, 5, 438.55
1619552024, 0, 318, 361, 282, 17, 1.27%, 10, 0, 5, 447.04
1619552039, 0, 320, 361, 281, 16, 1.27%, 10, 0, 5, 463.05
1619552116, 0, 320, 362, 282, 16, 1.27%, 10, 0, 5, 439.17
1619552243, 0, 320, 363, 283, 16, 1.27%, 10, 0, 5, 430.16
1619552909, 0, 325, 363, 282, 15, 1.27%, 10, 0, 5, 464.41
1619552914, 0, 325, 364, 283, 15, 1.28%, 10, 0, 5, 391.60
1619553021, 0, 325, 365, 284, 15, 1.28%, 10, 0, 5, 290.44
1619553067, 0, 329, 365, 283, 15, 1.28%, 10, 0, 5, 524.81
1619553087, 0, 329, 366, 284, 15, 1.28%, 10, 0, 5, 432.14
1619554136, 0, 330, 366, 283, 14, 1.28%, 10, 0, 5, 442.41
1619554288, 0, 331, 366, 282, 13, 1.28%, 10, 0, 5, 524.15
1619554399, 0, 332, 366, 281, 12, 1.28%, 10, 0, 5, 605.29
1619554517, 0, 333, 366, 280, 11, 1.28%, 10, 0, 5, 528.39
1619554522, 0, 333, 367, 281, 11, 1.29%, 10, 0, 5, 441.56
1619554689, 0, 337, 371, 284, 11, 1.30%, 10, 0, 5, 497.31
1619554694, 0, 337, 372, 285, 11, 1.31%, 10, 0, 5, 366.71
1619554856, 0, 340, 372, 284, 15, 1.31%, 10, 0, 5, 438.59
1619555575, 0, 340, 373, 285, 15, 1.31%, 10, 0, 5, 393.12
1619555848, 0, 340, 375, 287, 15, 1.31%, 10, 0, 5, 475.74
1619555853, 0, 340, 376, 288, 15, 1.31%, 10, 0, 5, 478.52
1619555878, 0, 342, 376, 287, 15, 1.31%, 10, 0, 5, 446.93
1619556685, 0, 342, 377, 288, 15, 1.31%, 10, 0, 5, 428.13
1619556863, 0, 343, 377, 287, 14, 1.31%, 10, 0, 5, 449.11
1619557561, 0, 343, 378, 288, 14, 1.31%, 10, 0, 5, 431.00
1619557809, 0, 344, 378, 287, 14, 1.31%, 10, 0, 5, 464.02
1619557834, 0, 344, 379, 288, 14, 1.31%, 10, 0, 5, 427.50
1619558854, 0, 345, 379, 287, 13, 1.31%, 10, 0, 5, 487.49
1619558975, 0, 348, 379, 286, 12, 1.31%, 10, 0, 5, 530.51
1619559901, 0, 348, 380, 287, 12, 1.31%, 10, 0, 6, 461.45
1619559906, 0, 348, 381, 288, 12, 1.31%, 10, 0, 6, 489.25
1619559916, 0, 354, 381, 287, 11, 1.31%, 10, 0, 6, 478.36
1619559962, 0, 354, 382, 288, 11, 1.31%, 10, 0, 6, 433.52
1619560060, 0, 354, 383, 289, 11, 1.31%, 10, 0, 6, 433.26
1619560852, 0, 354, 384, 290, 11, 1.31%, 10, 0, 6, 471.06
1619560857, 0, 355, 384, 289, 11, 1.31%, 10, 0, 6, 487.24
1619560862, 0, 355, 385, 290, 11, 1.31%, 10, 0, 6, 442.81
1619560893, 0, 355, 386, 291, 11, 1.31%, 10, 0, 6, 426.93
1619561005, 0, 355, 387, 292, 11, 1.31%, 10, 0, 6, 427.31
1619561556, 0, 355, 388, 293, 11, 1.31%, 10, 0, 6, 428.92
1619561795, 0, 355, 389, 294, 11, 1.31%, 10, 0, 6, 483.45
1619561805, 0, 356, 389, 293, 11, 1.31%, 10, 0, 6, 474.27
1619561938, 0, 356, 390, 294, 11, 1.31%, 10, 0, 6, 429.34
1619562738, 0, 363, 391, 294, 11, 1.31%, 10, 0, 6, 470.70
1619562885, 0, 366, 391, 293, 11, 1.31%, 10, 0, 6, 528.72
1619563057, 0, 367, 391, 292, 10, 1.31%, 10, 0, 6, 586.99
1619563230, 0, 368, 391, 291, 9, 1.31%, 10, 0, 6, 498.36
1619563235, 0, 368, 393, 293, 9, 1.31%, 10, 0, 6, 376.09
1619563357, 0, 368, 394, 294, 9, 1.31%, 10, 0, 6, 292.28
1619563393, 0, 369, 394, 293, 10, 1.31%, 10, 0, 6, 543.73
1619563560, 0, 369, 395, 294, 10, 1.31%, 10, 0, 6, 608.69
1619563565, 0, 370, 395, 293, 9, 1.31%, 10, 0, 6, 510.87
1619563733, 0, 371, 395, 292, 8, 1.31%, 10, 0, 6, 491.60
1619563896, 0, 372, 395, 291, 7, 1.31%, 10, 0, 6, 506.90
1619564934, 0, 377, 395, 290, 6, 1.31%, 10, 0, 6, 433.45
1619565759, 0, 377, 396, 291, 6, 1.31%, 10, 0, 6, 427.27
1619565943, 0, 382, 396, 290, 5, 1.31%, 10, 0, 6, 446.89
1619566640, 0, 382, 397, 291, 5, 1.31%, 10, 0, 7, 423.75
1619566878, 0, 385, 397, 290, 4, 1.31%, 10, 0, 7, 441.61
1619566909, 0, 385, 399, 292, 4, 1.32%, 10, 0, 7, 427.48
1619567809, 0, 390, 399, 291, 5, 1.32%, 10, 0, 7, 480.14
1619567957, 0, 391, 399, 290, 4, 1.32%, 10, 0, 7, 535.47
1619567967, 0, 391, 400, 291, 4, 1.32%, 10, 0, 7, 416.09
1619568124, 0, 393, 400, 290, 3, 1.32%, 10, 0, 7, 500.31
1619568135, 0, 393, 401, 291, 3, 1.32%, 10, 0, 7, 392.87
1619568287, 0, 393, 402, 292, 3, 1.32%, 10, 0, 7, 484.13
1619568297, 0, 397, 402, 291, 2, 1.32%, 10, 0, 7, 535.59
1619568327, 0, 397, 403, 292, 2, 1.32%, 10, 0, 8, 432.76
1619569231, 0, 397, 404, 293, 2, 1.32%, 10, 0, 8, 481.12
1619569236, 0, 397, 405, 294, 2, 1.32%, 10, 0, 8, 491.32
1619569241, 0, 397, 406, 295, 2, 1.32%, 10, 0, 8, 497.90
1619569262, 0, 397, 407, 296, 2, 1.32%, 10, 0, 8, 502.54
1619569292, 0, 398, 407, 295, 2, 1.32%, 10, 0, 8, 476.78
1619570225, 0, 398, 409, 297, 2, 1.32%, 10, 0, 8, 469.02
1619570240, 0, 403, 409, 296, 2, 1.32%, 10, 0, 8, 466.12
1619571191, 0, 403, 410, 297, 2, 1.32%, 10, 0, 9, 477.77
1619571211, 0, 403, 411, 298, 2, 1.32%, 10, 0, 9, 493.74
1619571231, 0, 403, 413, 300, 2, 1.32%, 10, 0, 9, 489.45
1619571236, 0, 408, 413, 299, 1, 1.32%, 10, 0, 9, 464.44
1619572158, 0, 408, 414, 300, 1, 1.32%, 10, 0, 9, 477.90
1619572168, 0, 409, 414, 299, 0, 1.32%, 10, 0, 9, 454.70
1619573093, 0, 409, 415, 300, 0, 1.32%, 10, 0, 10, 446.13
1619573108, 1, 10, 415, 299, 0, 1.32%, 10, 0, 10, 591.72
1619573991, 1, 21, 415, 298, 0, 1.32%, 10, 0, 10, 471.28
1619574921, 1, 21, 417, 300, 0, 1.32%, 10, 0, 10, 496.27
1619574926, 1, 21, 420, 303, 0, 1.32%, 10, 0, 10, 514.05
1619574942, 1, 21, 421, 304, 0, 1.32%, 10, 0, 10, 526.81
1619574962, 1, 21, 422, 305, 0, 1.32%, 10, 0, 10, 524.94
1619574978, 1, 21, 423, 306, 0, 1.32%, 10, 0, 10, 526.76
1619574983, 1, 27, 423, 305, 0, 1.32%, 10, 0, 10, 482.92
1619575909, 1, 29, 423, 304, 0, 1.32%, 10, 0, 10, 522.83
1619575956, 1, 31, 423, 303, 0, 1.32%, 10, 0, 10, 613.90
1619575992, 1, 63, 423, 302, 1, 1.32%, 10, 0, 10, 475.39
1619576918, 1, 147, 423, 301, 1, 1.32%, 10, 0, 10, 555.00
1619577005, 1, 151, 423, 300, 0, 1.32%, 10, 0, 10, 564.10
1619577169, 1, 168, 423, 299, 0, 1.32%, 10, 0, 10, 544.68
1619577241, 1, 168, 424, 300, 0, 1.32%, 10, 0, 10, 577.99
1619577246, 1, 170, 424, 299, 0, 1.32%, 10, 0, 10, 579.65
1619577308, 1, 170, 424, 299, 0, 1.32%, 11, 0, 10, 472.15
1619577360, 1, 180, 424, 298, 0, 1.32%, 11, 0, 10, 579.72
1619577560, 1, 185, 425, 298, 0, 1.32%, 11, 0, 10, 559.45
1619577611, 1, 185, 426, 299, 0, 1.32%, 11, 0, 10, 402.09
1619578541, 1, 185, 427, 300, 0, 1.32%, 11, 0, 10, 454.58
1619578546, 1, 196, 427, 299, 1, 1.32%, 11, 0, 10, 447.66
1619579049, 1, 360, 427, 298, 1, 1.32%, 11, 0, 10, 479.09
1619579450, 1, 360, 428, 299, 1, 1.32%, 11, 0, 10, 525.89
1619579455, 1, 360, 429, 300, 1, 1.32%, 11, 0, 10, 595.79
1619579465, 1, 365, 429, 299, 1, 1.32%, 11, 0, 10, 469.79
1619580535, 1, 425, 429, 298, 1, 1.32%, 11, 0, 10, 428.82
1619581524, 1, 427, 429, 297, 0, 1.32%, 11, 0, 10, 465.02
1619581946, 1, 428, 429, 296, 0, 1.32%, 11, 0, 10, 501.97
1619581951, 1, 428, 430, 297, 0, 1.32%, 11, 0, 10, 444.85
1619582423, 1, 428, 431, 298, 0, 1.32%, 11, 0, 10, 542.13
1619582433, 2, 1, 431, 297, 0, 1.32%, 11, 0, 10, 608.47
1619582438, 2, 13, 431, 297, 0, 1.32%, 11, 0, 10, 544.84
1619583315, 2, 13, 432, 298, 0, 1.32%, 11, 0, 10, 518.92
1619583320, 2, 13, 434, 300, 0, 1.32%, 11, 0, 10, 550.99
1619583325, 2, 13, 435, 301, 0, 1.32%, 11, 0, 10, 560.71
1619583330, 2, 13, 436, 302, 0, 1.32%, 11, 0, 10, 563.99
1619583335, 2, 13, 437, 303, 0, 1.32%, 11, 0, 10, 555.66
1619583360, 2, 13, 438, 304, 0, 1.32%, 11, 0, 10, 564.64
1619583366, 2, 13, 439, 305, 0, 1.32%, 11, 0, 10, 561.62
1619583371, 2, 434, 439, 304, 1, 1.32%, 11, 0, 10, 532.78
1619589354, 3, 15, 439, 303, 0, 1.32%, 11, 0, 10, 513.05
1619590242, 3, 25, 439, 302, 0, 1.32%, 11, 0, 10, 444.54
1619591140, 3, 25, 440, 303, 0, 1.32%, 11, 0, 10, 502.70
1619591145, 3, 36, 440, 302, 0, 1.32%, 11, 0, 10, 475.59
1619591669, 3, 38, 440, 301, 0, 1.32%, 11, 0, 10, 513.06
1619591720, 3, 46, 440, 300, 0, 1.32%, 11, 0, 10, 547.64
1619591767, 3, 126, 440, 299, 1, 1.32%, 11, 0, 10, 549.57
1619592330, 3, 242, 440, 298, 1, 1.32%, 11, 0, 10, 478.70
1619592443, 3, 244, 440, 297, 0, 1.32%, 11, 0, 10, 541.02
1619592591, 3, 245, 440, 296, 0, 1.32%, 11, 0, 10, 523.80
1619592647, 3, 246, 440, 295, 0, 1.32%, 11, 0, 10, 581.05
1619592653, 3, 255, 443, 298, 0, 1.32%, 11, 0, 10, 497.81
1619593680, 3, 265, 443, 297, 0, 1.32%, 11, 0, 10, 556.02
1619593685, 3, 266, 443, 297, 0, 1.32%, 11, 0, 10, 435.63
1619595208, 3, 267, 444, 297, 0, 1.32%, 11, 0, 10, 444.01
1619595214, 3, 269, 444, 297, 0, 1.32%, 11, 0, 10, 475.30
1619595597, 3, 273, 444, 296, 0, 1.32%, 11, 0, 10, 496.10
1619596174, 3, 273, 446, 298, 0, 1.32%, 11, 0, 10, 522.96
1619596179, 3, 279, 446, 297, 0, 1.32%, 11, 0, 10, 609.28
1619596184, 3, 280, 446, 297, 0, 1.32%, 11, 0, 10, 542.37
1619596328, 3, 283, 447, 297, 0, 1.32%, 11, 0, 10, 554.06
1619597249, 3, 283, 448, 298, 0, 1.32%, 11, 0, 10, 438.31
1619597254, 3, 283, 451, 301, 0, 1.32%, 11, 0, 10, 538.80
1619597270, 3, 283, 452, 302, 0, 1.32%, 11, 0, 10, 551.46
1619597275, 3, 283, 453, 303, 0, 1.32%, 11, 0, 10, 550.23
1619597300, 3, 283, 454, 304, 0, 1.32%, 11, 0, 10, 551.77
1619597310, 3, 294, 454, 303, 0, 1.32%, 11, 0, 10, 551.74
1619597361, 3, 295, 454, 302, 0, 1.32%, 11, 0, 10, 648.62
1619597366, 3, 298, 454, 302, 0, 1.32%, 11, 0, 10, 602.95
1619597448, 3, 298, 455, 303, 0, 1.32%, 11, 0, 10, 660.03
1619597453, 3, 299, 456, 303, 0, 1.32%, 11, 0, 10, 613.87
1619597535, 3, 299, 459, 306, 0, 1.32%, 12, 0, 10, 733.98
1619597540, 3, 299, 461, 308, 0, 1.32%, 12, 0, 10, 776.28
1619597545, 3, 299, 462, 309, 0, 1.32%, 12, 0, 10, 789.75
1619597576, 3, 307, 462, 308, 0, 1.32%, 12, 0, 10, 522.82
1619598511, 3, 308, 464, 309, 0, 1.32%, 12, 0, 10, 538.78
1619598516, 3, 319, 464, 309, 0, 1.32%, 12, 0, 10, 475.84
1619599516, 3, 319, 465, 310, 0, 1.32%, 12, 0, 10, 519.78
1619599522, 3, 319, 466, 311, 0, 1.32%, 12, 0, 10, 540.88
1619599532, 3, 319, 468, 313, 0, 1.32%, 12, 0, 10, 551.78
1619599537, 3, 319, 469, 314, 0, 1.32%, 12, 0, 10, 557.69
1619599572, 3, 320, 470, 314, 0, 1.32%, 12, 0, 10, 562.82
1619599577, 3, 327, 470, 314, 0, 1.32%, 12, 0, 10, 482.85
