# unix_time, cycles_done, cur_path, paths_total, pending_total, pending_favs, map_size, unique_crashes, unique_hangs, max_depth, execs_per_sec
1619012391, 0, 0, 1, 1, 1, 0.03%, 0, 0, 1, 0.18
1619012396, 0, 0, 13, 13, 1, 0.05%, 0, 0, 2, 63.21
1619012401, 0, 0, 25, 25, 1, 0.05%, 0, 0, 2, 65.79
1619012406, 0, 0, 26, 26, 1, 0.05%, 0, 0, 2, 66.71
1619012412, 0, 0, 28, 28, 1, 0.05%, 0, 0, 2, 66.42
1619012417, 0, 0, 29, 29, 1, 0.05%, 0, 0, 2, 66.17
1619012422, 0, 0, 31, 31, 1, 0.05%, 0, 0, 2, 65.98
1619012427, 0, 0, 32, 32, 1, 0.05%, 0, 0, 2, 66.38
1619012432, 0, 0, 37, 37, 1, 0.05%, 0, 0, 2, 64.81
1619012437, 0, 0, 41, 41, 1, 0.05%, 0, 0, 2, 64.97
1619012468, 0, 0, 48, 48, 1, 0.05%, 0, 0, 2, 62.63
1619012494, 0, 0, 50, 50, 1, 0.05%, 0, 0, 2, 66.51
1619012499, 0, 0, 51, 51, 1, 0.05%, 0, 0, 2, 64.43
1619012505, 0, 0, 52, 52, 1, 0.05%, 0, 0, 2, 65.59
1619012510, 0, 0, 57, 57, 1, 0.05%, 0, 0, 2, 55.05
1619012515, 0, 0, 65, 65, 1, 0.05%, 0, 0, 2, 58.08
1619012520, 0, 0, 67, 67, 1, 0.05%, 0, 0, 2, 54.09
1619012525, 0, 0, 69, 69, 1, 0.05%, 0, 0, 2, 58.90
1619012530, 0, 0, 71, 71, 1, 0.05%, 0, 0, 2, 64.20
1619012535, 0, 0, 73, 73, 1, 0.05%, 0, 0, 2, 65.70
1619012550, 0, 0, 74, 74, 1, 0.05%, 0, 0, 2, 65.19
1619012560, 0, 0, 76, 76, 1, 0.05%, 0, 0, 2, 64.65
1619012576, 0, 0, 77, 77, 1, 0.05%, 0, 0, 2, 66.06
1619012601, 0, 0, 78, 78, 1, 0.05%, 0, 0, 2, 65.73
1619012637, 0, 0, 79, 79, 1, 0.05%, 0, 0, 2, 66.12
1619012653, 0, 0, 80, 80, 1, 0.05%, 0, 0, 2, 63.50
1619012658, 0, 0, 81, 81, 1, 0.05%, 0, 0, 2, 60.83
1619012673, 0, 0, 84, 84, 1, 0.06%, 0, 0, 2, 62.24
1619012688, 0, 0, 85, 85, 1, 0.06%, 0, 0, 2, 65.81
1619012760, 0, 0, 88, 88, 1, 0.06%, 0, 0, 2, 55.98
1619012765, 0, 0, 90, 90, 1, 0.06%, 0, 0, 2, 56.10
1619012884, 0, 0, 94, 94, 1, 0.06%, 0, 0, 2, 55.76
1619012889, 0, 0, 102, 102, 1, 0.06%, 0, 0, 2, 55.92
1619012894, 0, 0, 117, 117, 1, 0.06%, 0, 0, 2, 62.85
1619012899, 0, 0, 122, 122, 1, 0.06%, 0, 0, 2, 57.85
1619012904, 0, 0, 124, 124, 1, 0.06%, 0, 0, 2, 55.95
1619012919, 0, 0, 128, 128, 1, 0.06%, 0, 0, 2, 52.61
1619012929, 0, 0, 130, 130, 1, 0.06%, 0, 0, 2, 55.92
1619012934, 0, 0, 131, 131, 1, 0.06%, 0, 0, 2, 63.99
1619012940, 0, 0, 133, 133, 1, 0.06%, 0, 0, 2, 65.81
1619012945, 0, 0, 134, 134, 1, 0.06%, 0, 0, 2, 66.03
1619012955, 0, 0, 136, 136, 1, 0.06%, 0, 0, 2, 65.92
1619012960, 0, 0, 137, 137, 1, 0.06%, 0, 0, 2, 65.76
1619012970, 0, 0, 138, 138, 1, 0.06%, 0, 0, 2, 65.85
1619013089, 0, 0, 139, 139, 1, 0.06%, 0, 0, 2, 66.79
1619013105, 0, 0, 140, 140, 1, 0.06%, 0, 0, 2, 66.50
1619013156, 0, 0, 141, 141, 1, 0.06%, 0, 0, 2, 65.47
1619013162, 0, 0, 142, 142, 1, 0.06%, 0, 0, 2, 65.35
1619013301, 0, 0, 143, 143, 1, 0.06%, 0, 0, 2, 65.96
1619013487, 0, 0, 145, 145, 1, 0.06%, 0, 0, 2, 251.54
1619013513, 0, 0, 146, 146, 1, 0.06%, 0, 0, 2, 54.79
1619013518, 0, 0, 148, 148, 1, 0.06%, 0, 0, 2, 52.52
1619013523, 0, 0, 151, 151, 1, 0.06%, 0, 0, 2, 51.03
1619013528, 0, 0, 156, 156, 1, 0.06%, 0, 0, 2, 50.74
1619013533, 0, 0, 159, 159, 1, 0.06%, 0, 0, 2, 52.15
1619013538, 0, 0, 164, 164, 1, 0.06%, 0, 0, 2, 52.82
1619013543, 0, 0, 172, 172, 1, 0.06%, 0, 0, 2, 55.67
1619013549, 0, 0, 174, 174, 1, 0.06%, 0, 0, 2, 61.77
1619013554, 0, 0, 178, 178, 1, 0.06%, 0, 0, 2, 63.86
1619013559, 0, 0, 180, 180, 1, 0.06%, 0, 0, 2, 60.88
1619013564, 0, 0, 185, 185, 1, 0.06%, 0, 0, 2, 56.55
1619013589, 0, 0, 186, 186, 1, 0.06%, 0, 0, 2, 54.73
1619013676, 0, 0, 188, 188, 1, 0.06%, 0, 0, 2, 52.88
1619013692, 0, 0, 189, 189, 1, 0.06%, 0, 0, 2, 52.26
1619013732, 0, 0, 190, 190, 1, 0.06%, 0, 0, 2, 51.57
1619018046, 0, 0, 192, 192, 1, 0.06%, 0, 0, 2, 57.60
1619018051, 0, 0, 193, 193, 1, 0.06%, 0, 0, 2, 53.47
1619018092, 0, 0, 199, 199, 1, 0.06%, 0, 0, 2, 70.05
1619018098, 0, 0, 203, 203, 1, 0.06%, 0, 0, 2, 77.89
1619018103, 0, 0, 207, 207, 1, 0.06%, 0, 0, 2, 79.92
1619018108, 0, 0, 210, 210, 1, 0.06%, 0, 0, 2, 79.97
1619018113, 0, 0, 214, 214, 1, 0.06%, 0, 0, 2, 81.47
1619018118, 0, 0, 215, 215, 1, 0.06%, 0, 0, 2, 82.36
1619018124, 0, 0, 217, 217, 1, 0.06%, 0, 0, 2, 78.16
1619018129, 0, 0, 218, 218, 1, 0.06%, 0, 0, 2, 81.92
1619018134, 0, 0, 220, 220, 1, 0.07%, 0, 0, 2, 83.52
1619018139, 0, 0, 222, 222, 1, 0.07%, 0, 0, 2, 80.17
1619018144, 0, 0, 223, 223, 1, 0.07%, 0, 0, 2, 80.91
1619018149, 0, 0, 225, 225, 1, 0.07%, 0, 0, 2, 80.87
1619018165, 0, 0, 227, 227, 1, 0.07%, 0, 0, 2, 78.40
1619018170, 0, 0, 229, 229, 1, 0.07%, 0, 0, 2, 78.83
1619018180, 0, 0, 232, 232, 1, 0.07%, 0, 0, 2, 80.67
1619018186, 0, 0, 233, 233, 1, 0.07%, 0, 0, 2, 81.38
1619018196, 0, 0, 234, 234, 1, 0.07%, 0, 0, 2, 81.65
1619018206, 0, 0, 236, 236, 1, 0.07%, 0, 0, 2, 79.84
1619018216, 0, 0, 237, 237, 1, 0.07%, 0, 0, 2, 78.56
1619018222, 0, 0, 238, 238, 1, 0.07%, 0, 0, 2, 80.81
1619018232, 0, 0, 239, 239, 1, 0.07%, 0, 0, 2, 84.26
1619018242, 0, 0, 240, 240, 1, 0.07%, 0, 0, 2, 83.30
1619018273, 0, 0, 241, 241, 1, 0.07%, 0, 0, 2, 83.43
1619018294, 0, 0, 242, 242, 1, 0.07%, 0, 0, 2, 82.37
1619018315, 0, 0, 243, 243, 1, 0.07%, 0, 0, 2, 82.09
1619018335, 0, 0, 244, 244, 1, 0.07%, 0, 0, 2, 82.44
1619018345, 0, 0, 245, 245, 1, 0.07%, 0, 0, 2, 84.30
1619018371, 0, 0, 246, 246, 1, 0.07%, 0, 0, 2, 82.17
1619018382, 0, 0, 247, 247, 1, 0.07%, 0, 0, 2, 81.67
1619018392, 0, 0, 248, 248, 1, 0.07%, 0, 0, 2, 80.96
1619018402, 0, 0, 250, 250, 1, 0.07%, 0, 0, 2, 80.54
1619018418, 0, 0, 251, 251, 1, 0.07%, 0, 0, 2, 79.90
1619018423, 0, 0, 252, 252, 1, 0.07%, 0, 0, 2, 79.10
1619018438, 0, 0, 253, 253, 1, 0.07%, 0, 0, 2, 82.48
1619018469, 0, 0, 254, 254, 1, 0.07%, 0, 0, 2, 79.34
1619018480, 0, 0, 255, 255, 1, 0.07%, 0, 0, 2, 81.67
1619018501, 0, 0, 256, 256, 1, 0.07%, 0, 0, 2, 78.39
1619018531, 0, 0, 257, 257, 1, 0.07%, 0, 0, 2, 76.29
1619018547, 0, 0, 258, 258, 1, 0.07%, 0, 0, 2, 78.23
1619018583, 0, 0, 259, 259, 1, 0.07%, 0, 0, 2, 79.38
1619018640, 0, 0, 260, 260, 1, 0.07%, 0, 0, 2, 81.28
1619018676, 0, 0, 261, 261, 1, 0.07%, 0, 0, 2, 79.09
1619018692, 0, 0, 262, 262, 1, 0.07%, 0, 0, 2, 76.43
1619018712, 0, 0, 263, 263, 1, 0.07%, 0, 0, 2, 78.60
1619018728, 0, 0, 264, 264, 1, 0.07%, 0, 0, 2, 79.07
1619018733, 0, 0, 265, 265, 1, 0.07%, 0, 0, 2, 81.21
1619018764, 0, 0, 266, 266, 1, 0.07%, 0, 0, 2, 79.44
1619018800, 0, 0, 267, 267, 1, 0.07%, 0, 0, 2, 81.56
1619018816, 0, 0, 269, 269, 1, 0.07%, 0, 0, 2, 78.20
1619018924, 0, 0, 270, 270, 1, 0.07%, 0, 0, 2, 77.73
1619018949, 0, 0, 271, 271, 1, 0.07%, 0, 0, 2, 80.71
1619018980, 0, 0, 272, 272, 1, 0.07%, 0, 0, 2, 73.39
1619019027, 0, 0, 273, 273, 1, 0.07%, 0, 0, 2, 80.70
1619019083, 0, 0, 274, 274, 1, 0.07%, 0, 0, 2, 78.44
1619019104, 0, 1, 274, 273, 57, 0.07%, 0, 0, 2, 89.66
1619019331, 0, 4, 274, 272, 56, 0.07%, 0, 0, 2, 122.61
1619019669, 0, 12, 274, 271, 55, 0.07%, 0, 0, 2, 104.50
1619020002, 0, 12, 275, 272, 55, 0.07%, 0, 0, 3, 174.32
1619020022, 0, 13, 275, 271, 54, 0.07%, 0, 0, 3, 120.37
1619020063, 0, 13, 276, 272, 54, 0.07%, 0, 0, 3, 61.53
1619020373, 0, 14, 276, 271, 53, 0.07%, 0, 0, 3, 171.74
1619020378, 0, 14, 277, 272, 53, 0.07%, 0, 0, 3, 86.88
1619020455, 0, 14, 278, 273, 53, 0.07%, 0, 0, 3, 52.92
1619020481, 0, 14, 279, 274, 53, 0.07%, 0, 0, 3, 66.87
1619020623, 0, 14, 280, 275, 53, 0.07%, 0, 0, 3, 52.06
1619020709, 0, 17, 280, 274, 52, 0.07%, 0, 0, 3, 125.52
1619021048, 0, 18, 280, 273, 51, 0.07%, 0, 0, 3, 102.67
1619026638, 0, 18, 281, 274, 51, 0.07%, 0, 0, 3, 82.43
1619027460, 0, 18, 281, 274, 51, 0.07%, 0, 1, 3, 0.02
1619027475, 0, 19, 281, 273, 50, 0.07%, 0, 1, 3, 69.72
1619032565, 0, 23, 281, 272, 49, 0.07%, 0, 1, 3, 87.97
1619032935, 0, 23, 282, 273, 49, 0.07%, 0, 1, 3, 80.42
1619033428, 0, 23, 283, 274, 49, 0.07%, 0, 1, 3, 82.57
1619036928, 0, 23, 284, 275, 49, 0.07%, 0, 1, 3, 98.73
1619036938, 0, 23, 285, 276, 49, 0.07%, 0, 1, 3, 95.18
1619036943, 0, 23, 287, 278, 49, 0.07%, 0, 1, 3, 99.35
1619036958, 0, 23, 288, 279, 49, 0.07%, 0, 1, 3, 97.29
1619037045, 0, 23, 289, 280, 49, 0.07%, 0, 1, 3, 95.16
1619037071, 0, 23, 290, 281, 49, 0.07%, 0, 1, 3, 97.69
1619037102, 0, 23, 291, 282, 49, 0.07%, 0, 1, 3, 96.90
1619037122, 0, 23, 293, 284, 49, 0.07%, 0, 1, 3, 99.36
1619037143, 0, 23, 294, 285, 49, 0.07%, 0, 1, 3, 95.92
1619037241, 0, 23, 295, 286, 49, 0.07%, 0, 1, 3, 97.79
1619037338, 0, 23, 296, 287, 49, 0.07%, 0, 1, 3, 100.01
1619037415, 0, 23, 297, 288, 49, 0.07%, 0, 1, 3, 95.69
1619037544, 0, 23, 298, 289, 49, 0.07%, 0, 1, 3, 101.74
1619037549, 0, 23, 299, 290, 49, 0.07%, 0, 1, 3, 99.07
1619037554, 0, 23, 300, 291, 49, 0.07%, 0, 1, 3, 98.98
1619037616, 0, 23, 302, 293, 49, 0.07%, 0, 1, 3, 98.49
1619037713, 0, 34, 303, 293, 53, 0.07%, 0, 1, 3, 100.13
1619037990, 0, 44, 303, 292, 52, 0.07%, 0, 1, 3, 110.96
1619038241, 0, 44, 304, 293, 52, 0.07%, 0, 1, 3, 67.98
1619038262, 0, 57, 305, 293, 50, 0.07%, 0, 1, 3, 107.71
1619038533, 0, 58, 305, 292, 50, 0.07%, 0, 1, 3, 115.00
1619038804, 0, 66, 305, 291, 49, 0.07%, 0, 1, 3, 187.64
1619038809, 0, 66, 306, 292, 49, 0.07%, 0, 1, 3, 130.07
1619039075, 0, 67, 306, 291, 49, 0.07%, 0, 1, 3, 151.14
1619039347, 0, 78, 306, 290, 48, 0.07%, 0, 1, 3, 118.05
1619039567, 0, 78, 307, 291, 48, 0.07%, 0, 1, 3, 86.05
1619040024, 0, 78, 308, 292, 48, 0.07%, 0, 1, 3, 86.55
1619044477, 0, 82, 308, 291, 48, 0.07%, 0, 1, 3, 108.20
1619044482, 0, 82, 308, 291, 48, 0.07%, 1, 1, 3, 110.69
1619044538, 0, 82, 309, 292, 48, 0.07%, 1, 1, 3, 76.59
1619044548, 0, 82, 310, 293, 48, 0.07%, 1, 1, 3, 92.34
1619044558, 0, 82, 311, 294, 48, 0.07%, 1, 1, 3, 84.00
1619044686, 0, 82, 312, 295, 48, 0.07%, 1, 1, 3, 110.01
1619044702, 0, 83, 312, 294, 49, 0.07%, 1, 1, 3, 153.70
1619044886, 0, 114, 312, 293, 48, 0.07%, 1, 1, 3, 184.22
1619044891, 0, 114, 313, 294, 48, 0.07%, 1, 1, 3, 130.44
1619044947, 0, 114, 314, 295, 48, 0.07%, 1, 1, 3, 75.26
1619045034, 0, 114, 314, 295, 48, 0.07%, 2, 1, 3, 90.61
1619045040, 0, 114, 314, 295, 48, 0.07%, 3, 1, 3, 99.55
1619045101, 0, 114, 315, 296, 48, 0.07%, 3, 1, 3, 181.22
1619045122, 0, 132, 315, 295, 43, 0.07%, 3, 1, 3, 157.69
1619045706, 0, 132, 316, 296, 43, 0.07%, 3, 1, 3, 85.46
1619049460, 0, 139, 316, 295, 43, 0.07%, 3, 1, 3, 89.81
1619049854, 0, 139, 317, 296, 43, 0.07%, 3, 1, 3, 84.62
1619053791, 0, 142, 317, 295, 43, 0.07%, 3, 1, 3, 99.49
1619053811, 0, 142, 323, 301, 43, 0.07%, 3, 1, 3, 84.87
1619053816, 0, 142, 324, 302, 43, 0.07%, 3, 1, 3, 84.90
1619053863, 0, 142, 325, 303, 43, 0.08%, 3, 1, 3, 86.10
1619053955, 0, 142, 327, 305, 43, 0.08%, 3, 1, 3, 86.57
1619054550, 0, 142, 328, 306, 43, 0.08%, 3, 1, 3, 85.40
1619057265, 0, 142, 329, 307, 43, 0.08%, 3, 1, 3, 85.73
1619057291, 0, 142, 330, 308, 43, 0.08%, 3, 1, 3, 85.29
1619058216, 0, 142, 331, 309, 43, 0.08%, 3, 1, 3, 93.68
1619058221, 0, 142, 332, 310, 43, 0.08%, 3, 1, 3, 96.49
1619058283, 0, 142, 333, 311, 43, 0.08%, 3, 1, 3, 98.77
1619058293, 0, 142, 333, 311, 43, 0.08%, 4, 1, 3, 99.71
1619058340, 0, 142, 334, 312, 43, 0.08%, 4, 1, 3, 98.73
1619058407, 0, 142, 335, 313, 43, 0.08%, 4, 1, 3, 97.04
1619058432, 0, 142, 336, 314, 43, 0.08%, 4, 1, 3, 101.25
1619058504, 0, 142, 337, 315, 43, 0.08%, 4, 1, 3, 99.64
1619058581, 0, 142, 338, 316, 43, 0.08%, 4, 1, 3, 95.17
1619058643, 0, 142, 339, 317, 43, 0.08%, 4, 1, 3, 97.02
1619058715, 0, 142, 340, 318, 43, 0.08%, 4, 1, 3, 102.25
1619058822, 0, 142, 341, 319, 43, 0.08%, 4, 1, 3, 99.66
1619058914, 0, 142, 342, 320, 43, 0.08%, 4, 1, 3, 100.09
1619058925, 0, 142, 343, 321, 43, 0.08%, 4, 1, 3, 100.32
1619059027, 0, 144, 343, 320, 44, 0.08%, 4, 1, 3, 95.31
1619059073, 0, 144, 344, 321, 44, 0.08%, 4, 1, 3, 118.78
1619059437, 0, 149, 345, 321, 44, 0.08%, 4, 1, 3, 125.68
1619059448, 0, 149, 346, 322, 44, 0.08%, 4, 1, 3, 95.74
1619059453, 0, 149, 347, 323, 44, 0.08%, 4, 1, 3, 75.18
1619059458, 0, 149, 348, 324, 44, 0.08%, 4, 1, 3, 64.88
1619059489, 0, 149, 350, 326, 44, 0.08%, 4, 1, 3, 72.99
1619059514, 0, 149, 352, 328, 44, 0.08%, 4, 1, 3, 74.00
1619059555, 0, 149, 353, 329, 44, 0.08%, 4, 1, 3, 68.86
1619059581, 0, 149, 354, 330, 44, 0.08%, 4, 1, 3, 70.65
1619059683, 0, 149, 355, 331, 44, 0.08%, 4, 1, 3, 69.80
1619059694, 0, 149, 356, 332, 44, 0.08%, 4, 1, 3, 68.44
1619059699, 0, 149, 357, 333, 44, 0.08%, 4, 1, 3, 57.89
1619059704, 0, 149, 358, 334, 44, 0.08%, 4, 1, 3, 50.34
1619059714, 0, 149, 361, 337, 44, 0.08%, 4, 1, 3, 49.33
1619059719, 0, 149, 362, 338, 44, 0.08%, 4, 1, 3, 65.18
1619059734, 0, 149, 363, 339, 44, 0.08%, 4, 1, 3, 48.34
1619059986, 0, 171, 363, 338, 48, 0.08%, 4, 1, 3, 118.63
1619060408, 0, 177, 363, 337, 47, 0.08%, 4, 1, 3, 155.33
1619060438, 0, 177, 364, 338, 47, 0.08%, 4, 1, 3, 84.79
1619060510, 0, 177, 365, 339, 47, 0.08%, 4, 1, 3, 80.23
1619060521, 0, 177, 366, 340, 47, 0.08%, 4, 1, 3, 83.13
1619060557, 0, 177, 367, 341, 47, 0.08%, 4, 1, 3, 80.24
1619060578, 0, 177, 368, 342, 47, 0.08%, 4, 1, 3, 80.56
1619061260, 0, 177, 369, 343, 47, 0.08%, 4, 1, 3, 85.48
1619061389, 0, 177, 370, 344, 47, 0.08%, 4, 1, 3, 72.17
1619062377, 0, 177, 371, 345, 47, 0.08%, 4, 1, 3, 82.05
1619062413, 0, 177, 372, 346, 47, 0.08%, 4, 1, 3, 85.34
1619066066, 0, 177, 374, 348, 47, 0.08%, 4, 1, 3, 96.18
1619066071, 0, 177, 375, 349, 47, 0.08%, 4, 1, 3, 100.20
1619066076, 0, 177, 376, 350, 47, 0.08%, 4, 1, 3, 103.05
1619066086, 0, 177, 377, 351, 47, 0.08%, 4, 1, 3, 100.61
1619066117, 0, 177, 378, 352, 47, 0.08%, 4, 1, 3, 105.49
1619066132, 0, 177, 379, 353, 47, 0.08%, 4, 1, 3, 101.19
1619066142, 0, 177, 380, 354, 47, 0.08%, 4, 1, 3, 102.76
1619066223, 0, 177, 381, 355, 47, 0.08%, 4, 1, 3, 104.17
1619066233, 0, 177, 382, 356, 47, 0.08%, 4, 1, 3, 105.47
1619066299, 0, 177, 383, 357, 47, 0.08%, 4, 1, 3, 102.47
1619066319, 0, 177, 384, 358, 47, 0.08%, 4, 1, 3, 101.64
1619066344, 0, 177, 384, 358, 47, 0.08%, 5, 1, 3, 103.38
1619066486, 0, 177, 385, 359, 47, 0.08%, 5, 1, 3, 102.39
1619066614, 0, 177, 385, 359, 47, 0.08%, 6, 1, 3, 100.45
1619066845, 0, 177, 386, 360, 47, 0.08%, 6, 1, 3, 99.89
1619066855, 0, 179, 386, 359, 50, 0.08%, 6, 1, 3, 89.40
1619067779, 0, 179, 387, 360, 50, 0.08%, 6, 1, 3, 68.53
1619073409, 0, 195, 387, 359, 48, 0.08%, 6, 1, 3, 93.27
1619076050, 0, 195, 388, 360, 48, 0.08%, 6, 1, 3, 108.31
1619076081, 0, 196, 388, 359, 47, 0.08%, 6, 1, 3, 108.05
1619077543, 0, 212, 388, 358, 46, 0.08%, 6, 1, 3, 119.30
1619079779, 0, 220, 388, 357, 45, 0.08%, 6, 1, 3, 112.97
1619079794, 0, 220, 388, 357, 45, 0.08%, 7, 1, 3, 111.29
1619080319, 0, 243, 388, 356, 44, 0.08%, 7, 1, 3, 157.50
1619080324, 0, 243, 389, 357, 44, 0.08%, 7, 1, 3, 120.91
1619080468, 0, 243, 390, 358, 44, 0.08%, 7, 1, 3, 231.59
1619080473, 0, 243, 390, 358, 44, 0.08%, 8, 1, 3, 235.62
1619080483, 0, 245, 390, 357, 44, 0.08%, 8, 1, 3, 162.22
1619080843, 0, 245, 391, 358, 44, 0.08%, 8, 1, 3, 87.57
1619080848, 0, 245, 392, 359, 44, 0.08%, 8, 1, 3, 87.28
1619080853, 0, 245, 393, 360, 44, 0.08%, 8, 1, 3, 87.39
1619081230, 0, 263, 393, 359, 46, 0.08%, 8, 1, 3, 131.46
1619081246, 0, 263, 393, 359, 46, 0.08%, 9, 1, 3, 99.60
1619081333, 0, 263, 394, 360, 46, 0.08%, 9, 1, 3, 89.63
1619081507, 0, 263, 395, 361, 46, 0.08%, 9, 1, 3, 95.08
1619081568, 0, 263, 395, 361, 46, 0.08%, 10, 1, 3, 96.02
1619082930, 0, 273, 395, 360, 46, 0.08%, 10, 1, 3, 99.91
1619082981, 0, 273, 396, 361, 46, 0.08%, 10, 1, 3, 94.60
1619083067, 0, 273, 397, 362, 46, 0.08%, 10, 1, 3, 86.83
1619083332, 0, 273, 398, 363, 46, 0.08%, 10, 1, 3, 66.33
1619085560, 0, 273, 399, 364, 46, 0.08%, 10, 1, 3, 99.39
1619085590, 0, 274, 399, 363, 46, 0.08%, 10, 1, 3, 96.56
1619085872, 0, 274, 400, 364, 46, 0.08%, 10, 1, 4, 73.03
1619085888, 0, 275, 400, 363, 45, 0.08%, 10, 1, 4, 167.40
1619086133, 0, 276, 401, 363, 44, 0.08%, 10, 1, 4, 131.21
1619086405, 0, 278, 401, 362, 44, 0.08%, 10, 1, 4, 130.12
1619086893, 0, 289, 401, 361, 43, 0.08%, 10, 1, 4, 146.36
1619087027, 0, 289, 402, 362, 43, 0.08%, 10, 1, 4, 85.18
1619091739, 0, 289, 403, 363, 43, 0.08%, 10, 1, 4, 96.92
1619091785, 0, 291, 403, 362, 42, 0.08%, 10, 1, 4, 92.85
1619091790, 0, 291, 405, 364, 42, 0.08%, 10, 1, 4, 87.26
1619091892, 0, 291, 406, 365, 42, 0.08%, 10, 1, 4, 86.87
1619094699, 0, 291, 407, 366, 42, 0.08%, 10, 1, 4, 87.68
1619094724, 0, 292, 407, 365, 41, 0.08%, 10, 1, 4, 105.18
1619096435, 0, 292, 408, 366, 41, 0.08%, 10, 1, 4, 122.44
1619096470, 0, 296, 408, 365, 41, 0.08%, 10, 1, 4, 119.40
1619096475, 0, 296, 410, 367, 41, 0.08%, 10, 1, 4, 84.83
1619096496, 0, 296, 411, 368, 41, 0.08%, 10, 1, 4, 69.86
1619097131, 0, 296, 412, 369, 41, 0.08%, 10, 1, 4, 67.28
1619097264, 0, 297, 412, 368, 41, 0.08%, 10, 1, 4, 103.74
1619097970, 0, 299, 412, 367, 40, 0.08%, 10, 1, 4, 106.53
1619098242, 0, 300, 412, 366, 39, 0.08%, 10, 1, 4, 145.96
1619098416, 0, 300, 413, 367, 39, 0.08%, 10, 1, 4, 92.27
1619098835, 0, 303, 413, 366, 38, 0.08%, 10, 1, 4, 100.03
1619099144, 0, 303, 414, 367, 38, 0.08%, 10, 1, 4, 72.74
1619099718, 0, 304, 414, 366, 37, 0.08%, 10, 1, 4, 132.53
1619099723, 0, 304, 415, 367, 37, 0.08%, 10, 1, 4, 122.50
1619099980, 0, 305, 415, 366, 36, 0.08%, 10, 1, 4, 119.22
1619100251, 0, 306, 415, 365, 35, 0.08%, 10, 1, 4, 113.81
1619100477, 0, 306, 416, 366, 35, 0.08%, 10, 1, 4, 89.69
1619100667, 0, 306, 417, 367, 35, 0.08%, 10, 1, 4, 90.68
1619104642, 0, 307, 417, 366, 35, 0.08%, 10, 1, 4, 88.12
1619104667, 0, 307, 418, 367, 35, 0.08%, 10, 1, 4, 84.95
1619109031, 0, 307, 419, 368, 35, 0.08%, 10, 1, 4, 96.14
1619109077, 0, 307, 420, 369, 35, 0.08%, 10, 1, 4, 96.68
1619109128, 0, 308, 420, 368, 34, 0.08%, 10, 1, 4, 102.04
1619109363, 0, 308, 422, 370, 34, 0.08%, 10, 1, 4, 56.30
1619109368, 0, 308, 423, 371, 34, 0.08%, 10, 1, 4, 61.19
1619109389, 0, 308, 424, 372, 34, 0.08%, 10, 1, 4, 62.15
1619109607, 0, 308, 425, 373, 34, 0.08%, 10, 1, 4, 180.05
1619109628, 0, 312, 425, 372, 37, 0.08%, 10, 1, 4, 106.02
1619109633, 0, 312, 426, 373, 37, 0.08%, 10, 1, 4, 92.99
1619109653, 0, 312, 427, 374, 37, 0.08%, 10, 1, 4, 104.24
1619109893, 0, 312, 428, 375, 37, 0.08%, 10, 1, 4, 175.75
1619109914, 0, 314, 428, 374, 37, 0.08%, 10, 1, 4, 193.74
1619109919, 0, 314, 429, 375, 37, 0.08%, 10, 1, 4, 100.25
1619111523, 0, 315, 429, 374, 37, 0.08%, 10, 1, 4, 118.74
1619112083, 0, 315, 430, 375, 37, 0.08%, 10, 1, 4, 85.83
1619115726, 0, 315, 431, 376, 37, 0.08%, 10, 1, 4, 97.96
1619115762, 0, 316, 431, 375, 37, 0.08%, 10, 1, 4, 94.22
1619116184, 0, 316, 432, 376, 37, 0.08%, 10, 1, 4, 85.78
1619120092, 0, 318, 432, 375, 36, 0.08%, 10, 1, 4, 99.53
1619120113, 0, 318, 433, 376, 36, 0.08%, 10, 1, 4, 89.54
1619124461, 0, 318, 434, 377, 36, 0.08%, 10, 1, 4, 89.84
1619124512, 0, 324, 434, 376, 35, 0.08%, 10, 1, 4, 88.16
1619124667, 0, 324, 435, 377, 35, 0.08%, 10, 1, 4, 90.10
1619128857, 0, 324, 436, 378, 35, 0.08%, 10, 1, 4, 87.67
1619128909, 0, 331, 436, 377, 35, 0.08%, 10, 1, 4, 94.82
1619129063, 0, 331, 438, 379, 35, 0.08%, 10, 1, 4, 86.63
1619129130, 0, 331, 439, 380, 35, 0.08%, 10, 1, 4, 86.42
1619129166, 0, 331, 440, 381, 35, 0.08%, 10, 1, 4, 85.87
1619129634, 0, 331, 441, 382, 35, 0.08%, 10, 1, 4, 86.16
1619132577, 0, 331, 442, 383, 35, 0.08%, 10, 1, 4, 85.10
1619132582, 0, 331, 443, 384, 35, 0.08%, 10, 1, 4, 85.09
1619133886, 0, 331, 444, 385, 35, 0.08%, 10, 1, 4, 86.34
1619133911, 0, 331, 445, 386, 35, 0.08%, 10, 1, 4, 96.19
1619133958, 0, 334, 445, 385, 37, 0.08%, 10, 1, 4, 88.51
1619136626, 0, 334, 446, 386, 37, 0.08%, 10, 1, 4, 100.13
1619136636, 0, 334, 447, 387, 37, 0.08%, 10, 1, 4, 105.86
1619136662, 0, 334, 448, 388, 37, 0.08%, 10, 1, 4, 105.20
1619136808, 0, 336, 448, 387, 36, 0.08%, 10, 1, 4, 102.81
1619139552, 0, 336, 449, 388, 36, 0.08%, 10, 1, 4, 106.88
1619139568, 0, 336, 450, 389, 36, 0.08%, 10, 1, 4, 106.55
1619139638, 0, 343, 450, 388, 34, 0.08%, 10, 1, 4, 103.74
1619139649, 0, 343, 451, 389, 34, 0.08%, 11, 1, 4, 95.76
1619140049, 0, 344, 451, 388, 33, 0.08%, 11, 1, 4, 130.29
1619140490, 0, 351, 451, 387, 32, 0.08%, 11, 1, 4, 155.38
1619140495, 0, 351, 453, 389, 32, 0.08%, 11, 1, 4, 83.84
1619141039, 0, 357, 453, 388, 31, 0.08%, 11, 1, 4, 148.20
1619141705, 0, 358, 453, 387, 30, 0.08%, 11, 1, 4, 102.75
1619141710, 0, 358, 455, 389, 30, 0.08%, 11, 1, 4, 71.31
1619141720, 0, 358, 456, 390, 30, 0.08%, 11, 1, 4, 58.74
1619141751, 0, 358, 457, 391, 30, 0.08%, 11, 1, 4, 48.66
1619141781, 0, 358, 458, 392, 30, 0.08%, 11, 1, 4, 53.81
1619141807, 0, 358, 460, 394, 30, 0.08%, 11, 1, 4, 54.30
1619141883, 0, 358, 462, 396, 30, 0.08%, 11, 1, 4, 60.36
1619142398, 0, 358, 463, 397, 30, 0.08%, 11, 1, 4, 53.37
1619142403, 0, 358, 464, 398, 30, 0.08%, 11, 1, 4, 49.69
1619142413, 0, 358, 465, 399, 30, 0.08%, 11, 1, 4, 60.73
1619142433, 0, 358, 466, 400, 30, 0.08%, 11, 1, 4, 51.17
1619142439, 0, 358, 467, 401, 30, 0.08%, 11, 1, 4, 67.23
1619142709, 0, 374, 467, 400, 30, 0.08%, 11, 1, 4, 140.33
1619142714, 0, 374, 468, 401, 30, 0.08%, 11, 1, 4, 97.11
1619147467, 0, 386, 468, 400, 29, 0.08%, 11, 1, 4, 79.16
1619148244, 0, 386, 469, 401, 29, 0.08%, 11, 1, 4, 59.92
1619149168, 0, 386, 470, 402, 29, 0.08%, 11, 1, 4, 48.21
1619149173, 0, 386, 471, 403, 29, 0.08%, 11, 1, 4, 52.51
1619149738, 0, 386, 472, 404, 29, 0.08%, 11, 1, 4, 48.36
