# unix_time, cycles_done, cur_path, paths_total, pending_total, pending_favs, map_size, unique_crashes, unique_hangs, max_depth, execs_per_sec
1620023206, 0, 0, 1, 1, 1, 2.54%, 0, 0, 1, 1.32
1620023303, 0, 0, 5, 5, 1, 2.57%, 0, 0, 2, 1.38
1620023351, 0, 0, 6, 6, 1, 2.57%, 0, 0, 2, 1.40
1620023400, 0, 0, 7, 7, 1, 2.63%, 0, 0, 2, 1.37
1620023898, 0, 0, 8, 8, 1, 2.63%, 0, 0, 2, 1.36
1620024326, 0, 0, 9, 9, 1, 2.63%, 0, 0, 2, 1.47
1620024784, 0, 0, 11, 11, 1, 2.68%, 0, 0, 2, 1.39
1620026357, 0, 0, 12, 12, 1, 2.69%, 0, 0, 2, 247.52
1620027762, 0, 0, 13, 13, 1, 2.69%, 0, 0, 2, 1.14
1620028617, 0, 0, 15, 15, 1, 2.69%, 0, 0, 2, 1.06
1620028936, 0, 0, 16, 16, 1, 2.69%, 0, 0, 2, 1.38
1620029028, 0, 0, 17, 17, 1, 2.69%, 0, 0, 2, 1.35
1620029716, 0, 0, 18, 18, 1, 2.69%, 0, 0, 2, 1.38
1620031923, 0, 0, 19, 19, 1, 2.70%, 0, 0, 2, 1.33
1620032975, 0, 0, 20, 20, 1, 2.70%, 0, 0, 2, 1.43
1620034311, 0, 0, 21, 21, 1, 2.70%, 0, 0, 2, 1.36
1620035968, 0, 0, 22, 22, 1, 2.70%, 0, 0, 2, 0.00
1620039574, 0, 0, 22, 22, 1, 2.73%, 1, 0, 2, 2.21
1620040002, 0, 0, 23, 23, 1, 2.73%, 1, 0, 2, 1.42
1620044384, 0, 0, 25, 25, 1, 2.74%, 1, 0, 2, 1.39
1620049112, 0, 0, 26, 26, 1, 2.74%, 1, 0, 2, 0.00
1620059748, 0, 0, 30, 30, 1, 2.75%, 1, 0, 2, 293.02
1620059753, 0, 0, 38, 38, 1, 2.82%, 1, 0, 2, 1.50
1620059758, 0, 0, 42, 42, 1, 2.82%, 1, 0, 2, 1.30
1620059769, 0, 0, 47, 47, 1, 2.83%, 1, 0, 2, 1.35
1620059774, 0, 0, 50, 50, 1, 2.83%, 1, 0, 2, 1.41
1620059779, 0, 0, 51, 51, 1, 2.83%, 1, 0, 2, 4.02
1620061527, 0, 0, 52, 52, 1, 2.83%, 1, 0, 2, 1.43
1620062796, 0, 0, 53, 53, 1, 2.83%, 1, 0, 2, 0.00
