# unix_time, cycles_done, cur_path, paths_total, pending_total, pending_favs, map_size, unique_crashes, unique_hangs, max_depth, execs_per_sec
1619012402, 0, 0, 1, 1, 1, 0.03%, 0, 0, 1, 0.73
1619012407, 0, 0, 9, 9, 1, 0.05%, 0, 0, 2, 62.17
1619012413, 0, 0, 24, 24, 1, 0.05%, 0, 0, 2, 61.92
1619012418, 0, 0, 26, 26, 1, 0.05%, 0, 0, 2, 66.28
1619012428, 0, 0, 29, 29, 1, 0.05%, 0, 0, 2, 67.67
1619012438, 0, 0, 30, 30, 1, 0.05%, 0, 0, 2, 67.80
1619012443, 0, 0, 33, 33, 1, 0.05%, 0, 0, 2, 68.24
1619012449, 0, 0, 39, 39, 1, 0.05%, 0, 0, 2, 65.04
1619012479, 0, 0, 46, 46, 1, 0.05%, 0, 0, 2, 63.52
1619012505, 0, 0, 47, 47, 1, 0.05%, 0, 0, 2, 67.57
1619012510, 0, 0, 49, 49, 1, 0.05%, 0, 0, 2, 65.57
1619012515, 0, 0, 50, 50, 1, 0.05%, 0, 0, 2, 65.96
1619012520, 0, 0, 54, 54, 1, 0.05%, 0, 0, 2, 88.93
1619012526, 0, 0, 60, 60, 1, 0.05%, 0, 0, 2, 63.17
1619012531, 0, 0, 63, 63, 1, 0.05%, 0, 0, 2, 58.54
1619012536, 0, 0, 67, 67, 1, 0.05%, 0, 0, 2, 54.22
1619012541, 0, 0, 69, 69, 1, 0.05%, 0, 0, 2, 62.02
1619012546, 0, 0, 71, 71, 1, 0.05%, 0, 0, 2, 66.28
1619012551, 0, 0, 72, 72, 1, 0.05%, 0, 0, 2, 66.86
1619012572, 0, 0, 73, 73, 1, 0.05%, 0, 0, 2, 67.60
1619012582, 0, 0, 75, 75, 1, 0.05%, 0, 0, 2, 67.53
1619012592, 0, 0, 76, 76, 1, 0.05%, 0, 0, 2, 67.13
1619012623, 0, 0, 77, 77, 1, 0.05%, 0, 0, 2, 67.90
1619012664, 0, 0, 78, 78, 1, 0.06%, 0, 0, 2, 67.92
1619012680, 0, 0, 79, 79, 1, 0.06%, 0, 0, 2, 62.25
1619012685, 0, 0, 80, 80, 1, 0.06%, 0, 0, 2, 63.94
1619012700, 0, 0, 83, 83, 1, 0.06%, 0, 0, 2, 65.16
1619012716, 0, 0, 84, 84, 1, 0.06%, 0, 0, 2, 66.21
1619012793, 0, 0, 89, 89, 1, 0.06%, 0, 0, 2, 63.47
1619012921, 0, 0, 91, 91, 1, 0.06%, 0, 0, 2, 99.16
1619012926, 0, 0, 100, 100, 1, 0.06%, 0, 0, 2, 66.94
1619012931, 0, 0, 110, 110, 1, 0.06%, 0, 0, 2, 62.01
1619012936, 0, 0, 117, 117, 1, 0.06%, 0, 0, 2, 61.39
1619012957, 0, 0, 119, 119, 1, 0.06%, 0, 0, 2, 56.51
1619012962, 0, 0, 122, 122, 1, 0.06%, 0, 0, 2, 55.69
1619012967, 0, 0, 124, 124, 1, 0.06%, 0, 0, 2, 54.82
1619012972, 0, 0, 126, 126, 1, 0.06%, 0, 0, 2, 64.63
1619012977, 0, 0, 129, 129, 1, 0.06%, 0, 0, 2, 67.05
1619012993, 0, 0, 131, 131, 1, 0.06%, 0, 0, 2, 67.91
1619012998, 0, 0, 132, 132, 1, 0.06%, 0, 0, 2, 68.04
1619013013, 0, 0, 133, 133, 1, 0.06%, 0, 0, 2, 68.17
1619013034, 0, 0, 134, 134, 1, 0.06%, 0, 0, 2, 68.28
1619013157, 0, 0, 135, 135, 1, 0.06%, 0, 0, 2, 67.57
1619013542, 0, 0, 137, 137, 1, 0.06%, 0, 0, 2, 315.51
1619013567, 0, 0, 138, 138, 1, 0.06%, 0, 0, 2, 58.19
1619013572, 0, 0, 141, 141, 1, 0.06%, 0, 0, 2, 56.11
1619013577, 0, 0, 144, 144, 1, 0.06%, 0, 0, 2, 54.72
1619013582, 0, 0, 150, 150, 1, 0.06%, 0, 0, 2, 55.39
1619013588, 0, 0, 156, 156, 1, 0.06%, 0, 0, 2, 57.87
1619013593, 0, 0, 160, 160, 1, 0.06%, 0, 0, 2, 58.03
1619013598, 0, 0, 166, 166, 1, 0.06%, 0, 0, 2, 59.74
1619013603, 0, 0, 169, 169, 1, 0.06%, 0, 0, 2, 64.42
1619013608, 0, 0, 172, 172, 1, 0.06%, 0, 0, 2, 65.82
1619013613, 0, 0, 174, 174, 1, 0.06%, 0, 0, 2, 62.73
1619013618, 0, 0, 178, 178, 1, 0.06%, 0, 0, 2, 59.48
1619013639, 0, 0, 179, 179, 1, 0.06%, 0, 0, 2, 57.86
1619013722, 0, 0, 180, 180, 1, 0.06%, 0, 0, 2, 56.58
1619013727, 0, 0, 181, 181, 1, 0.06%, 0, 0, 2, 56.39
1619013750, 0, 0, 182, 182, 1, 0.06%, 0, 0, 2, 0.21
1619013919, 0, 0, 183, 183, 1, 0.06%, 0, 0, 2, 67.88
1619017995, 0, 0, 185, 185, 1, 0.06%, 0, 0, 2, 61.44
1619018000, 0, 0, 186, 186, 1, 0.06%, 0, 0, 2, 55.70
1619018040, 0, 0, 191, 191, 1, 0.06%, 0, 0, 2, 66.75
1619018045, 0, 0, 199, 199, 1, 0.06%, 0, 0, 2, 76.86
1619018051, 0, 0, 203, 203, 1, 0.06%, 0, 0, 2, 81.39
1619018056, 0, 0, 204, 204, 1, 0.06%, 0, 0, 2, 84.18
1619018061, 0, 0, 206, 206, 1, 0.06%, 0, 0, 2, 82.22
1619018066, 0, 0, 209, 209, 1, 0.06%, 0, 0, 2, 85.08
1619018071, 0, 0, 213, 213, 1, 0.06%, 0, 0, 2, 79.33
1619018076, 0, 0, 215, 215, 1, 0.06%, 0, 0, 2, 84.22
1619018087, 0, 0, 216, 216, 1, 0.06%, 0, 0, 2, 81.73
1619018097, 0, 0, 218, 218, 1, 0.06%, 0, 0, 2, 80.59
1619018102, 0, 0, 219, 219, 1, 0.06%, 0, 0, 2, 85.58
1619018118, 0, 0, 222, 222, 1, 0.06%, 0, 0, 2, 86.02
1619018138, 0, 0, 223, 223, 1, 0.06%, 0, 0, 2, 83.08
1619018149, 0, 0, 225, 225, 1, 0.06%, 0, 0, 2, 81.89
1619018159, 0, 0, 226, 226, 1, 0.06%, 0, 0, 2, 85.66
1619018164, 0, 0, 227, 227, 1, 0.06%, 0, 0, 2, 82.47
1619018169, 0, 0, 229, 229, 1, 0.06%, 0, 0, 2, 84.30
1619018195, 0, 0, 229, 229, 1, 0.06%, 1, 0, 2, 85.64
1619018200, 0, 0, 230, 230, 1, 0.06%, 1, 0, 2, 86.72
1619018205, 0, 0, 231, 231, 1, 0.06%, 1, 0, 2, 81.52
1619018210, 0, 0, 232, 232, 1, 0.06%, 1, 0, 2, 81.11
1619018215, 0, 0, 233, 233, 1, 0.06%, 1, 0, 2, 83.03
1619018236, 0, 0, 234, 234, 1, 0.06%, 1, 0, 2, 83.36
1619018241, 0, 0, 235, 235, 1, 0.06%, 1, 0, 2, 80.35
1619018257, 0, 0, 236, 236, 1, 0.06%, 1, 0, 2, 85.59
1619018262, 0, 0, 238, 238, 1, 0.06%, 1, 0, 2, 82.45
1619018277, 0, 0, 239, 239, 1, 0.06%, 1, 0, 2, 81.62
1619018283, 0, 0, 240, 240, 1, 0.06%, 1, 0, 2, 81.22
1619018288, 0, 0, 242, 242, 1, 0.06%, 1, 0, 2, 84.37
1619018298, 0, 0, 243, 243, 1, 0.06%, 1, 0, 2, 84.15
1619018313, 0, 0, 244, 244, 1, 0.06%, 1, 0, 2, 79.40
1619018350, 0, 0, 245, 245, 1, 0.06%, 1, 0, 2, 83.28
1619018355, 0, 0, 246, 246, 1, 0.06%, 1, 0, 2, 85.01
1619018386, 0, 0, 247, 247, 1, 0.06%, 1, 0, 2, 81.81
1619018499, 0, 0, 249, 249, 1, 0.06%, 1, 0, 2, 85.68
1619018592, 0, 0, 250, 250, 1, 0.06%, 1, 0, 2, 82.75
1619018623, 0, 0, 252, 252, 1, 0.06%, 1, 0, 2, 80.42
1619018684, 0, 0, 253, 253, 1, 0.06%, 1, 0, 2, 82.19
1619018793, 0, 0, 254, 254, 1, 0.06%, 1, 0, 2, 85.33
1619018813, 0, 0, 255, 255, 1, 0.06%, 1, 0, 2, 81.65
1619018824, 0, 0, 256, 256, 1, 0.06%, 1, 0, 2, 85.08
1619018834, 0, 0, 257, 257, 1, 0.06%, 1, 0, 2, 84.85
1619018844, 0, 0, 258, 258, 1, 0.06%, 1, 0, 2, 79.31
1619018865, 0, 0, 259, 259, 1, 0.06%, 1, 0, 2, 80.06
1619018927, 0, 0, 260, 260, 1, 0.06%, 1, 0, 2, 80.94
1619018932, 0, 0, 261, 261, 1, 0.06%, 1, 0, 2, 78.92
1619018978, 0, 0, 262, 262, 1, 0.06%, 1, 0, 2, 78.92
1619019020, 0, 4, 262, 261, 58, 0.06%, 1, 0, 2, 73.70
1619019055, 0, 4, 263, 262, 58, 0.06%, 1, 0, 3, 83.86
1619019336, 0, 5, 263, 261, 57, 0.06%, 1, 0, 3, 167.27
1619019341, 0, 5, 263, 261, 57, 0.06%, 2, 0, 3, 136.17
1619019346, 0, 5, 264, 262, 57, 0.07%, 2, 0, 3, 90.22
1619019351, 0, 5, 267, 265, 57, 0.07%, 2, 0, 3, 81.66
1619019407, 0, 5, 268, 266, 57, 0.07%, 2, 0, 3, 62.94
1619019422, 0, 5, 269, 267, 57, 0.07%, 2, 0, 3, 74.80
1619019428, 0, 5, 270, 268, 57, 0.07%, 2, 0, 3, 78.23
1619019438, 0, 5, 271, 269, 57, 0.07%, 2, 0, 3, 75.70
1619019593, 0, 5, 272, 270, 57, 0.07%, 2, 0, 3, 117.65
1619019608, 0, 13, 272, 269, 58, 0.07%, 2, 0, 3, 107.82
1619019923, 0, 18, 272, 268, 57, 0.07%, 2, 0, 3, 184.91
1619020041, 0, 18, 273, 269, 57, 0.07%, 2, 0, 3, 63.38
1619020854, 0, 18, 274, 270, 57, 0.07%, 2, 0, 3, 71.26
1619025473, 0, 32, 274, 269, 57, 0.07%, 2, 0, 3, 77.81
1619025484, 0, 32, 275, 270, 57, 0.07%, 2, 0, 3, 71.53
1619025805, 0, 42, 275, 269, 57, 0.07%, 2, 0, 3, 176.98
1619026122, 0, 42, 277, 271, 57, 0.07%, 2, 0, 3, 55.30
1619026142, 0, 47, 277, 270, 56, 0.07%, 2, 0, 3, 95.78
1619026168, 0, 47, 278, 271, 56, 0.07%, 2, 0, 3, 68.05
1619027284, 0, 47, 279, 272, 56, 0.07%, 2, 0, 3, 68.58
1619031513, 0, 55, 279, 271, 56, 0.07%, 2, 0, 3, 92.82
1619031518, 0, 55, 280, 272, 56, 0.07%, 2, 0, 3, 111.42
1619031784, 0, 56, 280, 271, 56, 0.07%, 2, 0, 3, 182.01
1619031871, 0, 56, 281, 272, 56, 0.07%, 2, 0, 3, 68.12
1619031877, 0, 56, 282, 273, 56, 0.07%, 2, 0, 3, 68.33
1619032066, 0, 63, 283, 273, 54, 0.07%, 2, 0, 3, 108.34
1619032255, 0, 63, 284, 274, 54, 0.07%, 2, 0, 3, 70.29
1619032332, 0, 64, 284, 273, 53, 0.07%, 2, 0, 3, 162.43
1619032337, 0, 64, 285, 274, 53, 0.07%, 2, 0, 3, 128.42
1619032363, 0, 64, 286, 275, 53, 0.07%, 2, 0, 3, 107.89
1619032604, 0, 66, 286, 274, 53, 0.07%, 2, 0, 3, 117.41
1619032876, 0, 67, 286, 273, 52, 0.07%, 2, 0, 3, 112.21
1619032958, 0, 67, 287, 274, 52, 0.07%, 2, 0, 3, 86.36
1619033112, 0, 67, 288, 275, 52, 0.07%, 2, 0, 3, 74.46
1619033137, 0, 69, 288, 274, 48, 0.07%, 2, 0, 3, 182.96
1619037488, 0, 69, 289, 275, 48, 0.07%, 2, 0, 3, 99.11
1619037530, 0, 74, 289, 274, 47, 0.07%, 2, 0, 3, 92.55
1619037658, 0, 74, 290, 275, 47, 0.07%, 2, 0, 3, 86.89
1619041832, 0, 74, 291, 276, 47, 0.07%, 2, 0, 3, 97.86
1619041863, 0, 77, 291, 275, 47, 0.07%, 2, 0, 3, 93.51
1619042083, 0, 77, 292, 276, 47, 0.07%, 2, 0, 3, 86.21
1619046192, 0, 77, 293, 277, 47, 0.07%, 2, 0, 3, 100.26
1619046218, 0, 80, 293, 276, 48, 0.07%, 2, 0, 3, 100.46
1619046397, 0, 81, 293, 275, 47, 0.07%, 2, 0, 3, 183.25
1619046622, 0, 82, 293, 274, 47, 0.07%, 2, 0, 3, 146.52
1619046811, 0, 83, 293, 273, 46, 0.07%, 2, 0, 3, 153.26
1619046964, 0, 86, 293, 272, 45, 0.07%, 2, 0, 3, 153.98
1619047020, 0, 86, 294, 273, 45, 0.07%, 2, 0, 3, 75.69
1619047143, 0, 86, 295, 274, 45, 0.07%, 2, 0, 3, 210.79
1619047158, 0, 91, 295, 273, 44, 0.07%, 2, 0, 3, 159.52
1619047235, 0, 91, 296, 274, 44, 0.07%, 2, 0, 3, 85.88
1619047806, 0, 99, 296, 273, 43, 0.07%, 2, 0, 3, 151.69
1619047882, 0, 99, 297, 274, 43, 0.07%, 2, 0, 3, 72.48
1619047898, 0, 99, 298, 275, 43, 0.07%, 2, 0, 3, 72.45
1619048062, 0, 99, 299, 276, 43, 0.07%, 2, 0, 3, 79.46
1619048077, 0, 118, 299, 275, 43, 0.07%, 2, 0, 3, 125.79
1619048175, 0, 118, 300, 276, 43, 0.07%, 2, 0, 3, 72.19
1619048775, 0, 126, 300, 275, 42, 0.07%, 2, 0, 3, 152.14
1619049364, 0, 126, 301, 276, 42, 0.07%, 2, 0, 3, 87.29
1619053126, 0, 126, 302, 277, 42, 0.07%, 2, 0, 3, 98.41
1619053162, 0, 133, 302, 276, 42, 0.07%, 2, 0, 3, 87.63
1619053520, 0, 133, 303, 277, 42, 0.07%, 2, 0, 3, 84.11
1619057492, 0, 136, 303, 276, 42, 0.07%, 2, 0, 3, 91.03
1619057539, 0, 136, 304, 277, 42, 0.07%, 2, 0, 3, 101.88
1619057903, 0, 141, 304, 276, 42, 0.07%, 2, 0, 3, 105.19
1619057908, 0, 141, 306, 278, 42, 0.07%, 2, 0, 3, 76.49
1619057913, 0, 141, 307, 279, 42, 0.07%, 2, 0, 3, 85.55
1619057923, 0, 141, 308, 280, 42, 0.07%, 2, 0, 3, 68.39
1619057954, 0, 141, 309, 281, 42, 0.07%, 2, 0, 3, 75.78
1619057974, 0, 141, 310, 282, 42, 0.07%, 2, 0, 3, 82.39
1619058021, 0, 141, 311, 283, 42, 0.07%, 2, 0, 3, 67.66
1619058046, 0, 141, 312, 284, 42, 0.07%, 2, 0, 3, 70.14
1619058144, 0, 141, 313, 285, 42, 0.07%, 2, 0, 3, 69.99
1619058159, 0, 141, 315, 287, 42, 0.07%, 2, 0, 3, 63.88
1619058164, 0, 141, 316, 288, 42, 0.07%, 2, 0, 3, 52.34
1619058174, 0, 141, 317, 289, 42, 0.08%, 2, 0, 3, 50.99
1619058184, 0, 141, 318, 290, 42, 0.08%, 2, 0, 3, 53.53
1619058194, 0, 141, 319, 291, 42, 0.08%, 2, 0, 3, 50.35
1619058456, 0, 171, 319, 290, 43, 0.08%, 2, 0, 3, 99.17
1619058482, 0, 171, 321, 292, 43, 0.08%, 2, 0, 3, 82.18
1619058559, 0, 171, 322, 293, 43, 0.08%, 2, 0, 3, 77.87
1619058569, 0, 171, 323, 294, 43, 0.08%, 2, 0, 3, 80.37
1619058605, 0, 171, 324, 295, 43, 0.08%, 2, 0, 3, 81.52
1619058620, 0, 171, 325, 296, 43, 0.08%, 2, 0, 3, 80.38
1619058882, 0, 171, 326, 297, 43, 0.08%, 2, 0, 3, 84.16
1619059216, 0, 171, 327, 298, 43, 0.08%, 2, 0, 3, 80.35
1619059396, 0, 171, 328, 299, 43, 0.08%, 2, 0, 3, 68.29
1619059596, 0, 171, 329, 300, 43, 0.08%, 2, 0, 3, 80.64
1619059632, 0, 171, 330, 301, 43, 0.08%, 2, 0, 3, 83.25
1619063168, 0, 171, 331, 302, 43, 0.08%, 2, 0, 3, 86.90
1619063174, 0, 171, 332, 303, 43, 0.08%, 2, 0, 3, 97.62
1619063184, 0, 171, 333, 304, 43, 0.08%, 2, 0, 3, 98.86
1619063194, 0, 171, 334, 305, 43, 0.08%, 2, 0, 3, 100.57
1619063205, 0, 171, 335, 306, 43, 0.08%, 2, 0, 3, 100.30
1619063363, 0, 171, 336, 307, 43, 0.08%, 2, 0, 3, 99.51
1619063369, 0, 171, 337, 308, 43, 0.08%, 2, 0, 3, 100.20
1619063389, 0, 171, 337, 308, 43, 0.08%, 3, 0, 3, 98.59
1619063404, 0, 171, 338, 309, 43, 0.08%, 3, 0, 3, 98.45
1619063528, 0, 171, 339, 310, 43, 0.08%, 3, 0, 3, 103.65
1619063666, 0, 171, 339, 310, 43, 0.08%, 4, 0, 3, 101.44
1619063676, 0, 171, 340, 311, 43, 0.08%, 4, 0, 3, 99.48
1619063681, 0, 171, 341, 312, 43, 0.08%, 4, 0, 3, 101.79
1619063833, 0, 171, 342, 313, 43, 0.08%, 4, 0, 3, 104.04
1619063838, 0, 171, 343, 314, 43, 0.08%, 4, 0, 3, 103.28
1619063878, 0, 171, 345, 316, 43, 0.08%, 4, 0, 3, 104.01
1619063883, 0, 171, 346, 317, 43, 0.08%, 4, 0, 3, 104.08
1619063898, 0, 171, 347, 318, 43, 0.08%, 4, 0, 3, 101.61
1619063929, 0, 171, 348, 319, 43, 0.08%, 4, 0, 3, 102.84
1619063959, 0, 173, 349, 319, 47, 0.08%, 4, 0, 3, 100.28
1619064883, 0, 173, 350, 320, 47, 0.08%, 4, 0, 3, 68.82
1619068780, 0, 190, 350, 319, 46, 0.08%, 4, 0, 3, 92.99
1619073814, 0, 190, 351, 320, 46, 0.08%, 4, 0, 3, 94.77
1619073860, 0, 192, 351, 319, 46, 0.08%, 4, 0, 3, 123.66
1619073936, 0, 204, 351, 318, 45, 0.08%, 4, 0, 3, 134.43
1619076386, 0, 221, 351, 317, 44, 0.08%, 4, 0, 3, 107.19
1619078596, 0, 222, 351, 316, 43, 0.08%, 4, 0, 3, 122.37
1619078678, 0, 222, 352, 317, 43, 0.08%, 4, 0, 3, 103.07
1619078745, 0, 224, 352, 316, 42, 0.08%, 4, 0, 3, 194.91
1619078822, 0, 224, 355, 319, 42, 0.08%, 4, 0, 3, 84.84
1619078827, 0, 224, 360, 324, 42, 0.08%, 4, 0, 3, 84.49
1619079051, 0, 224, 361, 325, 42, 0.08%, 4, 0, 3, 69.49
1619079588, 0, 224, 363, 327, 42, 0.08%, 4, 0, 3, 86.75
1619079594, 0, 224, 365, 329, 42, 0.08%, 4, 0, 3, 87.27
1619081775, 0, 224, 367, 331, 42, 0.08%, 4, 0, 3, 97.66
1619081795, 0, 224, 368, 332, 42, 0.08%, 4, 0, 3, 107.45
1619081815, 0, 224, 369, 333, 42, 0.08%, 4, 0, 3, 109.06
1619081856, 0, 224, 370, 334, 42, 0.08%, 4, 0, 3, 103.38
1619082100, 0, 224, 371, 335, 42, 0.08%, 4, 0, 3, 109.74
1619082130, 0, 224, 372, 336, 42, 0.08%, 4, 0, 3, 108.25
1619082160, 0, 224, 373, 337, 42, 0.08%, 4, 0, 3, 108.50
1619082246, 0, 224, 373, 337, 42, 0.08%, 5, 0, 3, 105.32
1619082261, 0, 224, 374, 338, 42, 0.08%, 5, 0, 3, 107.85
1619082514, 0, 226, 374, 337, 43, 0.08%, 5, 0, 3, 104.99
1619082806, 0, 227, 374, 336, 42, 0.08%, 5, 0, 3, 174.88
1619082811, 0, 227, 376, 338, 42, 0.08%, 5, 0, 3, 89.77
1619082857, 0, 227, 377, 339, 42, 0.08%, 5, 0, 3, 70.20
1619083139, 0, 227, 378, 340, 42, 0.08%, 5, 0, 3, 67.58
1619083149, 0, 227, 379, 341, 42, 0.08%, 5, 0, 3, 67.69
1619085037, 0, 227, 380, 342, 42, 0.08%, 5, 0, 3, 86.55
1619085082, 0, 263, 380, 341, 43, 0.08%, 5, 0, 3, 91.95
1619085087, 0, 263, 384, 345, 43, 0.08%, 5, 0, 4, 102.72
1619085108, 0, 263, 385, 346, 43, 0.08%, 5, 0, 4, 78.79
1619085200, 0, 263, 386, 347, 43, 0.08%, 5, 0, 4, 65.94
1619085360, 0, 264, 387, 347, 43, 0.08%, 6, 0, 4, 140.70
1619085431, 0, 264, 388, 348, 43, 0.08%, 6, 0, 4, 89.81
1619085523, 0, 264, 390, 350, 43, 0.08%, 6, 0, 4, 96.35
1619085574, 0, 264, 391, 351, 43, 0.08%, 6, 0, 4, 184.95
1619085579, 0, 264, 392, 352, 43, 0.08%, 6, 0, 4, 208.19
1619085620, 0, 273, 392, 351, 43, 0.08%, 6, 0, 4, 136.85
1619085646, 0, 273, 393, 352, 43, 0.08%, 6, 0, 4, 82.81
1619089988, 0, 273, 394, 353, 43, 0.08%, 6, 0, 4, 96.38
1619090034, 0, 274, 394, 352, 44, 0.08%, 6, 0, 4, 100.80
1619090290, 0, 275, 394, 351, 43, 0.08%, 6, 0, 4, 201.10
1619091073, 0, 279, 395, 351, 42, 0.08%, 6, 0, 4, 131.71
1619091334, 0, 280, 396, 351, 42, 0.08%, 6, 0, 4, 110.13
1619091386, 0, 280, 397, 352, 42, 0.08%, 6, 0, 4, 79.08
1619091738, 0, 281, 397, 351, 42, 0.08%, 6, 0, 4, 131.06
1619091866, 0, 281, 398, 352, 42, 0.08%, 6, 0, 4, 67.80
1619092004, 0, 281, 399, 353, 42, 0.08%, 6, 0, 4, 70.78
1619092292, 0, 283, 400, 353, 41, 0.08%, 6, 0, 4, 103.91
1619092302, 0, 283, 401, 354, 41, 0.08%, 6, 0, 4, 75.55
1619092605, 0, 284, 401, 353, 40, 0.08%, 6, 0, 4, 127.63
1619092876, 0, 285, 401, 352, 39, 0.08%, 6, 0, 4, 146.87
1619092886, 0, 285, 401, 352, 39, 0.08%, 7, 0, 4, 96.34
1619093076, 0, 285, 402, 353, 39, 0.08%, 7, 0, 4, 56.18
1619093107, 0, 285, 403, 354, 39, 0.08%, 7, 0, 4, 180.00
1619093127, 0, 286, 403, 353, 38, 0.08%, 7, 0, 4, 157.83
1619093620, 0, 287, 403, 352, 37, 0.08%, 7, 0, 4, 144.99
1619093979, 0, 288, 403, 351, 36, 0.08%, 7, 0, 4, 133.94
1619094686, 0, 289, 403, 350, 34, 0.08%, 7, 0, 4, 101.66
1619098976, 0, 289, 404, 351, 34, 0.08%, 7, 0, 4, 98.27
1619099021, 0, 291, 404, 350, 33, 0.08%, 7, 0, 4, 93.54
1619099232, 0, 291, 405, 351, 33, 0.08%, 7, 0, 4, 89.74
1619103339, 0, 291, 406, 352, 33, 0.08%, 7, 0, 4, 90.24
1619103390, 0, 293, 406, 351, 33, 0.08%, 7, 0, 4, 92.87
1619103775, 0, 300, 406, 350, 32, 0.08%, 7, 0, 4, 144.12
1619104206, 0, 300, 407, 351, 32, 0.08%, 7, 0, 4, 84.98
1619108133, 0, 300, 408, 352, 32, 0.08%, 7, 0, 4, 103.57
1619108159, 0, 302, 408, 351, 32, 0.08%, 7, 0, 4, 93.90
1619108673, 0, 302, 409, 352, 32, 0.08%, 7, 0, 4, 85.65
1619112535, 0, 303, 409, 351, 31, 0.08%, 7, 0, 4, 91.14
1619112540, 0, 303, 409, 351, 31, 0.08%, 8, 0, 4, 86.14
1619112545, 0, 303, 410, 352, 31, 0.08%, 8, 0, 4, 90.24
1619112941, 0, 305, 410, 351, 31, 0.08%, 8, 0, 4, 182.07
1619113187, 0, 305, 411, 352, 31, 0.08%, 8, 0, 4, 58.46
1619113192, 0, 305, 412, 353, 31, 0.08%, 8, 0, 4, 61.38
1619113233, 0, 305, 413, 354, 31, 0.08%, 8, 0, 4, 59.14
1619113496, 0, 314, 415, 355, 30, 0.08%, 8, 0, 4, 111.08
1619114179, 0, 315, 415, 354, 29, 0.08%, 8, 0, 4, 150.79
1619114862, 0, 316, 415, 353, 28, 0.08%, 8, 0, 4, 149.31
1619114867, 0, 316, 417, 355, 28, 0.08%, 8, 0, 4, 75.65
1619114908, 0, 316, 418, 356, 28, 0.08%, 8, 0, 4, 49.06
1619114938, 0, 316, 419, 357, 28, 0.08%, 8, 0, 4, 55.96
1619114964, 0, 316, 421, 359, 28, 0.08%, 8, 0, 4, 58.33
1619115041, 0, 316, 423, 361, 28, 0.08%, 8, 0, 4, 70.08
1619115547, 0, 316, 424, 362, 28, 0.08%, 8, 0, 4, 52.12
1619115552, 0, 316, 425, 363, 28, 0.08%, 8, 0, 4, 49.42
1619115557, 0, 316, 426, 364, 28, 0.08%, 8, 0, 4, 49.15
1619115583, 0, 316, 427, 365, 28, 0.08%, 8, 0, 4, 54.48
1619115588, 0, 316, 428, 366, 28, 0.08%, 8, 0, 4, 66.53
1619115869, 0, 317, 428, 365, 30, 0.08%, 8, 0, 4, 122.67
1619116493, 0, 317, 429, 366, 30, 0.08%, 8, 0, 4, 67.94
1619118526, 0, 333, 429, 365, 29, 0.08%, 8, 0, 4, 88.25
1619119485, 0, 333, 430, 366, 29, 0.08%, 8, 0, 4, 71.26
1619123459, 0, 333, 431, 367, 29, 0.08%, 8, 0, 4, 95.67
1619123479, 0, 333, 432, 368, 29, 0.08%, 8, 0, 4, 96.69
1619123484, 0, 333, 433, 369, 29, 0.08%, 8, 0, 4, 96.44
1619123515, 0, 333, 434, 370, 29, 0.08%, 8, 0, 4, 97.35
1619123572, 0, 333, 435, 371, 29, 0.08%, 8, 0, 4, 97.83
1619123587, 0, 333, 436, 372, 29, 0.08%, 8, 0, 4, 97.01
1619123598, 0, 333, 437, 373, 29, 0.08%, 8, 0, 4, 94.98
1619123628, 0, 333, 438, 374, 29, 0.08%, 8, 0, 4, 95.28
1619124142, 0, 333, 439, 375, 29, 0.08%, 8, 0, 4, 98.28
1619124281, 0, 337, 439, 374, 31, 0.08%, 8, 0, 4, 76.44
1619125232, 0, 337, 440, 375, 31, 0.08%, 8, 0, 4, 66.20
1619131982, 0, 337, 441, 376, 31, 0.08%, 8, 0, 4, 82.41
1619132024, 0, 345, 441, 375, 31, 0.08%, 8, 0, 4, 83.20
1619138440, 0, 349, 441, 374, 30, 0.08%, 8, 0, 4, 72.61
1619138523, 0, 349, 442, 375, 30, 0.08%, 8, 0, 4, 52.43
1619139176, 0, 349, 443, 376, 30, 0.08%, 8, 0, 4, 60.19
1619140052, 0, 349, 444, 377, 30, 0.08%, 8, 0, 4, 56.15
1619146113, 0, 358, 444, 376, 29, 0.08%, 8, 0, 4, 82.83
1619149195, 0, 358, 445, 377, 29, 0.08%, 8, 0, 4, 104.43
1619149235, 0, 361, 445, 376, 28, 0.08%, 8, 0, 4, 92.90
1619149250, 0, 361, 446, 377, 28, 0.08%, 8, 0, 4, 84.99
1619152363, 0, 361, 447, 378, 28, 0.08%, 8, 0, 4, 97.85
1619152409, 0, 362, 447, 377, 28, 0.08%, 8, 0, 4, 93.43
1619152414, 0, 362, 451, 381, 28, 0.08%, 8, 0, 4, 88.22
1619152444, 0, 362, 452, 382, 28, 0.08%, 8, 0, 4, 86.19
1619152485, 0, 362, 454, 384, 28, 0.08%, 8, 0, 4, 87.94
1619152792, 0, 362, 459, 389, 28, 0.08%, 8, 0, 4, 86.37
1619152802, 0, 362, 460, 390, 28, 0.08%, 8, 0, 4, 86.75
