# unix_time, cycles_done, cur_path, paths_total, pending_total, pending_favs, map_size, unique_crashes, unique_hangs, max_depth, execs_per_sec
1619418762, 0, 0, 1, 1, 1, 0.08%, 0, 0, 1, 0.54
1619418814, 0, 0, 5, 5, 1, 0.08%, 0, 0, 2, 8.64
1619418845, 0, 0, 6, 6, 1, 0.08%, 0, 0, 2, 2.54
1619418866, 0, 0, 7, 7, 1, 0.08%, 0, 0, 2, 2.52
1619418923, 0, 0, 8, 8, 1, 0.08%, 0, 0, 2, 2.51
1619419177, 0, 0, 9, 9, 1, 0.08%, 0, 0, 2, 2.48
1619419431, 0, 0, 10, 10, 1, 0.08%, 0, 0, 2, 2.49
1619419696, 0, 0, 11, 11, 1, 0.08%, 0, 0, 2, 2.66
1619419712, 0, 0, 12, 12, 1, 0.08%, 0, 0, 2, 3.02
1619419789, 0, 0, 13, 13, 1, 0.08%, 0, 0, 2, 2.55
1619420607, 0, 0, 14, 14, 1, 0.08%, 0, 0, 2, 7.97
1619421649, 0, 0, 16, 16, 1, 0.08%, 0, 0, 2, 2.53
1619421763, 0, 0, 17, 17, 1, 0.08%, 0, 0, 2, 2.71
1619421784, 0, 0, 19, 19, 1, 0.08%, 0, 0, 2, 10.02
1619422296, 0, 0, 20, 20, 1, 0.08%, 0, 0, 2, 2.53
1619424177, 0, 0, 21, 21, 1, 0.08%, 0, 0, 2, 2.49
1619424927, 0, 0, 22, 22, 1, 0.08%, 0, 0, 2, 2.51
1619425652, 0, 0, 23, 23, 1, 0.08%, 0, 0, 2, 2.53
1619425782, 0, 0, 24, 24, 1, 0.08%, 0, 0, 2, 2.50
1619427355, 0, 0, 25, 25, 1, 0.08%, 0, 0, 2, 2.49
1619428028, 0, 0, 26, 26, 1, 0.08%, 0, 0, 2, 4.77
1619428033, 0, 0, 27, 27, 1, 0.08%, 0, 0, 2, 3.49
1619431682, 0, 0, 28, 28, 1, 0.08%, 0, 0, 2, 2.51
1619432184, 0, 0, 29, 29, 1, 0.08%, 0, 0, 2, 2.50
1619436075, 0, 0, 30, 30, 1, 0.08%, 0, 0, 2, 120.32
1619436080, 0, 0, 33, 33, 1, 0.08%, 0, 0, 2, 75.77
1619436085, 0, 0, 38, 38, 1, 0.08%, 0, 0, 2, 45.91
1619436090, 0, 0, 41, 41, 1, 0.08%, 0, 0, 2, 31.06
1619436095, 0, 0, 42, 42, 1, 0.08%, 0, 0, 2, 27.78
1619436100, 0, 0, 46, 46, 1, 0.08%, 0, 0, 2, 24.15
1619436106, 0, 0, 50, 50, 1, 0.08%, 0, 0, 2, 4.32
1619436127, 0, 0, 52, 52, 1, 0.08%, 0, 0, 2, 2.58
1619436938, 0, 0, 53, 53, 1, 0.08%, 0, 0, 2, 2.50
1619436959, 0, 0, 54, 54, 1, 0.08%, 0, 0, 2, 2.52
1619436979, 0, 0, 55, 55, 1, 0.08%, 0, 0, 2, 2.52
1619444859, 0, 0, 56, 56, 1, 0.08%, 0, 0, 2, 2.65
1619449831, 0, 0, 57, 57, 1, 0.09%, 0, 0, 2, 2.63
1619453883, 0, 0, 58, 58, 1, 0.09%, 0, 0, 2, 2.65
1619455063, 0, 0, 59, 59, 1, 0.09%, 0, 0, 2, 234.75
1619455078, 0, 0, 60, 60, 1, 0.09%, 0, 0, 2, 41.10
1619455144, 0, 0, 61, 61, 1, 0.09%, 0, 0, 2, 41.45
1619455149, 0, 0, 63, 63, 1, 0.09%, 0, 0, 2, 2.65
1619455165, 0, 0, 64, 64, 1, 0.09%, 0, 0, 2, 41.07
1619455170, 0, 0, 65, 65, 1, 0.09%, 0, 0, 2, 2.66
1619455191, 0, 0, 66, 66, 1, 0.09%, 0, 0, 2, 2.60
1619455254, 0, 0, 67, 67, 1, 0.09%, 0, 0, 2, 2.64
1619455269, 0, 0, 68, 68, 1, 0.09%, 0, 0, 2, 2.61
1619455316, 0, 0, 69, 69, 1, 0.09%, 0, 0, 2, 12.21
1619455321, 0, 0, 70, 70, 1, 0.09%, 0, 0, 2, 14.93
1619455326, 0, 0, 73, 73, 1, 0.09%, 0, 0, 2, 15.03
1619455331, 0, 0, 74, 74, 1, 0.09%, 0, 0, 2, 16.88
1619455336, 0, 0, 76, 76, 1, 0.09%, 0, 0, 2, 14.20
1619455341, 0, 0, 77, 77, 1, 0.09%, 0, 0, 2, 10.89
1619455346, 0, 0, 78, 78, 1, 0.09%, 0, 0, 2, 12.45
1619455351, 0, 0, 81, 81, 1, 0.09%, 0, 0, 2, 2.58
1619455372, 0, 0, 82, 82, 1, 0.09%, 0, 0, 2, 2.65
1619455388, 0, 0, 84, 84, 1, 0.09%, 1, 0, 2, 15.35
1619455393, 0, 0, 85, 85, 1, 0.10%, 1, 0, 2, 11.66
1619455398, 0, 0, 86, 86, 1, 0.11%, 1, 0, 2, 7.85
1619455420, 0, 0, 87, 87, 1, 0.12%, 1, 0, 2, 13.74
1619455425, 0, 0, 90, 90, 1, 0.12%, 1, 0, 2, 2.64
1619455446, 0, 0, 91, 91, 1, 0.13%, 1, 0, 2, 2.63
1619455462, 0, 0, 92, 92, 1, 0.13%, 1, 0, 2, 2.69
1619455477, 0, 0, 93, 93, 1, 0.13%, 2, 0, 2, 13.37
1619455487, 0, 0, 95, 95, 1, 0.14%, 2, 0, 2, 15.50
1619455493, 0, 0, 96, 96, 1, 0.14%, 2, 0, 2, 2.64
1619455508, 0, 0, 97, 97, 1, 0.14%, 2, 0, 2, 17.25
1619455545, 0, 0, 99, 99, 1, 0.14%, 2, 0, 2, 11.25
1619455560, 0, 0, 100, 100, 1, 0.14%, 2, 0, 2, 6.76
1619455575, 0, 0, 102, 102, 1, 0.14%, 2, 0, 2, 16.66
1619455581, 0, 0, 103, 103, 1, 0.14%, 2, 0, 2, 16.18
1619455602, 0, 0, 105, 105, 1, 0.14%, 2, 0, 2, 17.54
1619455612, 0, 0, 106, 106, 1, 0.14%, 2, 0, 2, 2.56
1619455633, 0, 0, 107, 107, 1, 0.14%, 2, 0, 2, 2.65
1619455659, 0, 0, 108, 108, 1, 0.14%, 2, 0, 2, 2.65
1619455675, 0, 0, 109, 109, 1, 0.14%, 2, 0, 2, 2.65
1619455691, 0, 0, 110, 110, 1, 0.14%, 2, 0, 2, 18.71
1619455696, 0, 0, 111, 111, 1, 0.14%, 2, 0, 2, 18.17
1619455701, 0, 0, 113, 113, 1, 0.14%, 2, 0, 2, 2.62
1619455707, 0, 0, 115, 115, 1, 0.14%, 2, 0, 2, 11.34
1619455717, 0, 0, 116, 116, 1, 0.15%, 2, 0, 2, 5.41
1619455722, 0, 0, 118, 118, 1, 0.15%, 2, 0, 2, 12.58
1619455732, 0, 0, 119, 119, 1, 0.15%, 2, 0, 2, 17.28
1619455738, 0, 0, 120, 120, 1, 0.15%, 2, 0, 2, 17.59
1619455743, 0, 0, 121, 121, 1, 0.15%, 2, 0, 2, 2.65
1619455764, 0, 0, 122, 122, 1, 0.15%, 2, 0, 2, 2.62
1619455790, 0, 0, 123, 123, 1, 0.16%, 2, 0, 2, 15.94
1619455805, 0, 0, 124, 124, 1, 0.16%, 2, 0, 2, 2.59
1619455831, 0, 0, 125, 125, 1, 0.16%, 2, 0, 2, 17.55
1619455836, 0, 0, 126, 126, 1, 0.16%, 2, 0, 2, 2.57
1619455857, 0, 0, 128, 128, 1, 0.16%, 2, 0, 2, 16.86
1619468240, 0, 0, 129, 129, 1, 0.16%, 2, 0, 2, 2.64
