# unix_time, cycles_done, cur_path, paths_total, pending_total, pending_favs, map_size, unique_crashes, unique_hangs, max_depth, execs_per_sec
1620022928, 0, 0, 1, 1, 1, 1.04%, 0, 0, 1, 5.50
1620022933, 0, 0, 26, 26, 1, 1.56%, 0, 0, 2, 136.65
1620022938, 0, 0, 29, 29, 1, 1.56%, 0, 0, 2, 148.09
1620022943, 0, 0, 30, 30, 1, 1.56%, 0, 0, 2, 148.96
1620022948, 0, 0, 39, 39, 1, 1.62%, 0, 0, 2, 148.94
1620022963, 0, 0, 46, 46, 1, 1.64%, 0, 0, 2, 148.73
1620022974, 0, 0, 49, 49, 1, 1.64%, 0, 0, 2, 155.31
1620022979, 0, 0, 55, 55, 1, 1.64%, 0, 0, 2, 182.24
1620022984, 0, 0, 68, 68, 1, 1.72%, 0, 0, 2, 163.13
1620022989, 0, 0, 71, 71, 1, 1.72%, 0, 0, 2, 147.45
1620022999, 0, 0, 74, 74, 1, 1.72%, 0, 0, 2, 149.59
1620023010, 0, 0, 75, 75, 1, 1.72%, 0, 0, 2, 149.70
1620023020, 0, 0, 76, 76, 1, 1.72%, 0, 0, 2, 149.95
1620023035, 0, 0, 77, 77, 1, 1.72%, 0, 0, 2, 144.67
1620023045, 0, 0, 79, 79, 1, 1.72%, 0, 0, 2, 147.43
1620023050, 0, 0, 82, 82, 1, 1.74%, 0, 0, 2, 149.26
1620023056, 0, 0, 83, 83, 1, 1.74%, 0, 0, 2, 164.07
1620023091, 0, 0, 88, 88, 1, 1.74%, 0, 0, 2, 153.11
1620023142, 0, 0, 89, 89, 1, 1.74%, 0, 0, 2, 231.64
1620023147, 0, 0, 110, 110, 1, 1.75%, 0, 0, 2, 173.16
1620023152, 0, 0, 112, 112, 1, 1.75%, 0, 0, 2, 152.76
1620023157, 0, 0, 116, 116, 1, 1.75%, 0, 0, 2, 159.84
1620023162, 0, 0, 118, 118, 1, 1.75%, 0, 0, 2, 146.77
1620023173, 0, 0, 122, 122, 1, 1.75%, 0, 0, 2, 145.64
1620023178, 0, 0, 123, 123, 1, 1.75%, 0, 0, 2, 146.84
1620023188, 0, 0, 124, 124, 1, 1.75%, 0, 0, 2, 156.78
1620023239, 0, 0, 125, 125, 1, 1.76%, 0, 0, 2, 154.69
1620023408, 0, 0, 127, 127, 1, 1.77%, 0, 0, 2, 318.53
1620023418, 0, 0, 128, 128, 1, 1.77%, 0, 0, 2, 203.03
1620023423, 0, 0, 137, 137, 1, 1.84%, 0, 0, 2, 156.61
1620023428, 0, 0, 152, 152, 1, 1.84%, 0, 0, 2, 150.89
1620023433, 0, 0, 162, 162, 1, 1.85%, 0, 0, 2, 146.74
1620023438, 0, 0, 172, 172, 1, 1.94%, 0, 0, 2, 147.21
1620023448, 0, 0, 173, 173, 1, 1.94%, 0, 0, 2, 147.45
1620023479, 0, 0, 176, 176, 1, 1.94%, 0, 0, 2, 153.62
1620023484, 0, 0, 178, 178, 1, 1.94%, 0, 0, 2, 156.37
1620023489, 0, 0, 179, 179, 1, 1.94%, 0, 0, 2, 147.66
1620023499, 0, 0, 180, 180, 1, 1.94%, 0, 0, 2, 153.26
1620025449, 0, 0, 182, 182, 1, 1.94%, 0, 0, 2, 147.21
1620025454, 0, 0, 183, 183, 1, 1.94%, 0, 0, 2, 157.03
1620025474, 0, 0, 196, 196, 1, 1.95%, 0, 0, 2, 164.02
1620025479, 0, 0, 206, 206, 1, 1.95%, 1, 0, 2, 173.19
1620025484, 0, 0, 212, 212, 1, 1.95%, 1, 0, 2, 176.82
1620025489, 0, 0, 213, 213, 1, 1.95%, 1, 0, 2, 177.43
1620025494, 0, 0, 215, 215, 1, 1.95%, 1, 0, 2, 176.15
1620025509, 0, 0, 219, 219, 1, 1.95%, 1, 0, 2, 170.24
1620025515, 0, 0, 220, 220, 1, 1.95%, 1, 0, 2, 170.20
1620025520, 0, 0, 221, 221, 1, 1.95%, 1, 0, 2, 164.37
1620025525, 0, 0, 222, 222, 1, 1.95%, 1, 0, 2, 172.33
1620025530, 0, 0, 223, 223, 1, 1.95%, 1, 0, 2, 171.86
1620025535, 0, 0, 224, 224, 1, 1.95%, 1, 0, 2, 181.46
1620025540, 0, 0, 225, 225, 1, 1.95%, 1, 0, 2, 179.37
1620025550, 0, 0, 227, 227, 1, 1.95%, 1, 0, 2, 176.99
1620025565, 0, 0, 228, 228, 1, 1.95%, 1, 0, 2, 180.88
1620025570, 0, 2, 228, 227, 53, 1.95%, 1, 0, 2, 191.85
1620025606, 0, 2, 229, 228, 53, 1.96%, 1, 0, 3, 150.79
1620025703, 0, 4, 229, 227, 53, 1.96%, 1, 0, 3, 203.87
1620025834, 0, 5, 231, 228, 52, 1.96%, 1, 0, 3, 202.60
1620025840, 0, 5, 234, 231, 52, 2.30%, 2, 0, 3, 171.35
1620025845, 0, 5, 235, 232, 52, 2.30%, 2, 0, 3, 183.55
1620025870, 0, 5, 236, 233, 52, 2.31%, 2, 0, 3, 167.44
1620025875, 0, 5, 237, 234, 52, 2.31%, 2, 0, 3, 163.13
1620025880, 0, 5, 238, 235, 52, 2.31%, 2, 0, 3, 155.94
1620025885, 0, 5, 239, 236, 52, 2.31%, 2, 0, 3, 153.16
1620025962, 0, 5, 240, 237, 52, 2.31%, 2, 0, 3, 157.40
1620025972, 0, 13, 240, 236, 51, 2.31%, 2, 0, 3, 205.22
1620025988, 0, 13, 241, 237, 51, 2.31%, 2, 0, 3, 204.36
1620026104, 0, 14, 241, 236, 51, 2.31%, 2, 0, 3, 194.11
1620026109, 0, 14, 242, 237, 51, 2.32%, 2, 0, 3, 169.25
1620026150, 0, 14, 243, 238, 51, 2.32%, 2, 0, 3, 150.85
1620026201, 0, 14, 244, 239, 51, 2.32%, 2, 0, 3, 155.40
1620026236, 0, 17, 244, 238, 49, 2.32%, 2, 0, 3, 221.80
1620026374, 0, 18, 244, 237, 48, 2.32%, 2, 0, 3, 178.12
1620028910, 0, 18, 246, 239, 48, 2.32%, 2, 0, 3, 169.23
1620028921, 0, 18, 247, 240, 48, 2.32%, 2, 0, 3, 170.18
1620028931, 0, 19, 247, 239, 48, 2.32%, 2, 0, 3, 168.80
1620031486, 0, 32, 247, 238, 47, 2.32%, 2, 0, 3, 191.57
1620031491, 0, 32, 248, 239, 47, 2.32%, 2, 0, 3, 174.39
1620031527, 0, 32, 249, 240, 47, 2.32%, 2, 0, 3, 157.84
1620031532, 0, 32, 250, 241, 47, 2.32%, 2, 0, 3, 154.16
1620031619, 0, 42, 250, 240, 47, 2.32%, 2, 0, 3, 203.61
1620031741, 0, 42, 252, 242, 47, 2.32%, 2, 0, 3, 163.20
1620031751, 0, 47, 252, 241, 46, 2.32%, 2, 0, 3, 180.24
1620031761, 0, 47, 253, 242, 46, 2.32%, 2, 0, 3, 148.16
1620032150, 0, 47, 254, 243, 46, 2.34%, 2, 0, 3, 145.50
1620032257, 0, 47, 255, 244, 46, 2.34%, 2, 0, 3, 144.94
1620034298, 0, 55, 255, 243, 47, 2.34%, 2, 0, 3, 162.80
1620034303, 0, 55, 256, 244, 47, 2.34%, 2, 0, 3, 167.67
1620034435, 0, 56, 256, 243, 46, 2.34%, 2, 0, 3, 227.79
1620034476, 0, 56, 258, 245, 46, 2.34%, 2, 0, 3, 160.21
1620034567, 0, 58, 258, 244, 44, 2.34%, 2, 0, 3, 197.31
1620034607, 0, 58, 259, 245, 44, 2.34%, 2, 0, 3, 154.25
1620034699, 0, 63, 260, 245, 43, 2.35%, 2, 0, 3, 198.70
1620034795, 0, 63, 261, 246, 43, 2.35%, 2, 0, 3, 150.37
1620034836, 0, 64, 262, 246, 43, 2.35%, 2, 0, 3, 202.63
1620034967, 0, 65, 262, 245, 43, 2.35%, 2, 0, 3, 207.68
1620035100, 0, 67, 262, 244, 42, 2.35%, 2, 0, 3, 188.42
1620035692, 0, 67, 265, 247, 42, 2.35%, 2, 0, 3, 146.50
1620035697, 0, 67, 267, 249, 42, 2.36%, 2, 0, 3, 144.91
1620037648, 0, 68, 267, 248, 44, 2.36%, 2, 0, 3, 164.77
1620037708, 0, 68, 268, 249, 44, 2.36%, 2, 0, 3, 146.91
1620038291, 0, 68, 269, 250, 44, 2.36%, 2, 0, 3, 142.29
1620040215, 0, 72, 270, 250, 44, 2.36%, 2, 0, 3, 171.12
1620042743, 0, 73, 270, 249, 43, 2.36%, 2, 0, 3, 170.28
1620042820, 0, 73, 271, 250, 43, 2.36%, 2, 0, 3, 148.14
1620045261, 0, 75, 271, 249, 43, 2.36%, 2, 0, 3, 158.54
1620045551, 0, 75, 272, 250, 43, 2.36%, 2, 0, 3, 151.78
1620046623, 0, 76, 272, 249, 43, 2.36%, 2, 0, 3, 179.42
1620046751, 0, 76, 273, 250, 43, 2.36%, 2, 0, 3, 157.33
1620049186, 0, 79, 273, 249, 42, 2.36%, 2, 0, 3, 176.93
1620049282, 0, 81, 273, 248, 41, 2.36%, 2, 0, 3, 194.09
1620049379, 0, 82, 273, 247, 40, 2.36%, 2, 0, 3, 195.99
1620049475, 0, 88, 273, 246, 39, 2.36%, 2, 0, 3, 171.80
1620049744, 0, 88, 274, 247, 39, 2.36%, 2, 0, 3, 169.07
1620050614, 0, 88, 275, 248, 39, 2.36%, 2, 0, 3, 155.32
1620050624, 0, 93, 275, 247, 38, 2.36%, 2, 0, 3, 179.24
1620050741, 0, 93, 276, 248, 38, 2.36%, 2, 0, 3, 177.48
1620050888, 0, 93, 277, 249, 38, 2.36%, 2, 0, 3, 153.22
1620050893, 0, 93, 278, 250, 38, 2.36%, 2, 0, 3, 154.67
1620050903, 0, 93, 279, 251, 38, 2.36%, 2, 0, 3, 150.19
1620051674, 0, 93, 280, 252, 38, 2.37%, 2, 0, 3, 205.05
1620051679, 0, 116, 280, 251, 38, 2.37%, 2, 0, 3, 178.38
1620051898, 0, 116, 281, 252, 38, 2.37%, 2, 0, 3, 152.34
1620054169, 0, 124, 281, 251, 38, 2.37%, 2, 0, 3, 156.86
1620054752, 0, 124, 282, 252, 38, 2.37%, 2, 0, 3, 153.72
1620056725, 0, 126, 282, 251, 38, 2.37%, 2, 0, 3, 168.78
1620056751, 0, 126, 284, 253, 38, 2.38%, 2, 0, 3, 84.97
1620056933, 0, 128, 285, 253, 39, 2.38%, 2, 0, 3, 180.09
1620057198, 0, 128, 286, 254, 39, 2.38%, 2, 0, 3, 167.72
1620059737, 0, 128, 287, 255, 39, 2.38%, 2, 0, 3, 165.91
1620059742, 0, 135, 287, 254, 39, 2.38%, 2, 0, 3, 24.18
1620059748, 0, 135, 289, 256, 39, 2.38%, 2, 0, 3, 14.31
1620059753, 0, 135, 290, 257, 39, 2.38%, 2, 0, 3, 166.10
1620059763, 0, 135, 291, 258, 39, 2.38%, 2, 0, 3, 11.96
1620059784, 0, 135, 293, 260, 39, 2.38%, 2, 0, 3, 21.06
1620059799, 0, 135, 294, 261, 39, 2.38%, 2, 0, 3, 11.85
1620059840, 0, 135, 295, 262, 39, 2.38%, 2, 0, 3, 149.26
1620059850, 0, 135, 296, 263, 39, 2.38%, 2, 0, 3, 160.60
1620059891, 0, 135, 297, 264, 39, 2.38%, 2, 0, 3, 21.05
1620059901, 0, 135, 298, 265, 39, 2.38%, 2, 0, 3, 100.75
1620059906, 0, 135, 299, 266, 39, 2.39%, 2, 0, 3, 13.57
1620059917, 0, 135, 300, 267, 39, 2.39%, 2, 0, 3, 12.75
1620059952, 0, 135, 301, 268, 39, 2.47%, 2, 0, 3, 15.69
1620059957, 0, 135, 302, 269, 39, 2.47%, 2, 0, 3, 14.12
1620059962, 0, 135, 303, 270, 39, 2.47%, 2, 0, 3, 13.02
1620059973, 0, 135, 304, 271, 39, 2.47%, 2, 0, 3, 12.59
1620060024, 0, 135, 305, 272, 39, 2.48%, 2, 0, 3, 13.95
