# unix_time, cycles_done, cur_path, paths_total, pending_total, pending_favs, map_size, unique_crashes, unique_hangs, max_depth, execs_per_sec
1630308991, 0, 0, 1, 1, 1, 0.11%, 0, 0, 1, 47.62
1630308996, 0, 0, 15, 15, 1, 0.24%, 1, 0, 2, 440.87
1630309001, 0, 0, 19, 19, 1, 0.24%, 1, 0, 2, 372.54
1630309006, 0, 0, 23, 23, 1, 0.24%, 1, 0, 2, 358.81
1630309011, 0, 0, 27, 27, 1, 0.24%, 1, 0, 2, 358.72
1630309031, 0, 0, 35, 35, 1, 0.26%, 1, 0, 2, 395.24
1630309036, 0, 0, 38, 38, 1, 0.26%, 1, 0, 2, 382.46
1630309057, 0, 0, 39, 39, 1, 0.26%, 1, 0, 2, 352.02
1630309087, 0, 0, 40, 40, 1, 0.26%, 1, 0, 2, 261.55
1630309092, 0, 0, 41, 41, 1, 0.27%, 1, 0, 2, 258.52
1630309108, 0, 0, 42, 42, 1, 0.27%, 1, 0, 2, 341.16
1630309113, 0, 0, 45, 45, 1, 0.27%, 1, 0, 2, 343.22
1630309179, 0, 0, 46, 46, 1, 0.31%, 1, 0, 2, 377.16
1630309224, 0, 0, 47, 47, 1, 0.31%, 1, 0, 2, 359.34
1630309230, 0, 0, 48, 48, 1, 0.31%, 1, 0, 2, 350.13
1630309367, 0, 0, 50, 50, 1, 0.32%, 1, 0, 2, 343.06
1630309828, 0, 0, 52, 52, 1, 0.32%, 1, 0, 2, 422.82
1630309833, 0, 0, 55, 55, 1, 0.32%, 1, 0, 2, 488.40
1630309843, 0, 0, 56, 56, 1, 0.32%, 1, 0, 2, 500.26
1630309889, 0, 0, 57, 57, 1, 0.32%, 1, 0, 2, 487.18
1630309894, 0, 1, 57, 56, 19, 0.32%, 1, 0, 2, 454.48
1630309995, 0, 2, 57, 55, 18, 0.32%, 1, 0, 2, 344.10
1630311163, 0, 5, 57, 54, 17, 0.32%, 1, 0, 2, 362.69
1630311909, 0, 11, 57, 53, 16, 0.32%, 1, 0, 2, 410.79
1630311945, 0, 11, 58, 54, 16, 0.34%, 1, 0, 3, 262.46
1630312068, 0, 12, 58, 53, 15, 0.34%, 1, 0, 3, 370.26
1630312788, 0, 12, 59, 54, 15, 0.34%, 1, 0, 3, 331.65
1630312819, 0, 12, 60, 55, 15, 0.34%, 1, 0, 3, 431.17
1630312824, 0, 16, 60, 54, 15, 0.34%, 1, 0, 3, 378.07
1630313570, 0, 16, 61, 55, 15, 0.34%, 1, 0, 3, 376.99
1630313575, 0, 19, 61, 54, 14, 0.34%, 1, 0, 3, 438.46
1630313929, 0, 24, 61, 53, 13, 0.34%, 1, 0, 3, 510.67
1630314675, 0, 24, 62, 54, 13, 0.34%, 1, 0, 3, 400.49
1630314681, 0, 24, 63, 55, 13, 0.34%, 1, 0, 3, 485.32
1630314686, 0, 27, 63, 54, 13, 0.34%, 1, 0, 3, 367.31
1630315596, 0, 32, 63, 53, 12, 0.34%, 1, 0, 3, 392.89
1630316243, 0, 35, 63, 52, 11, 0.34%, 1, 0, 3, 447.02
1630316295, 0, 35, 64, 53, 11, 0.34%, 1, 0, 3, 410.75
1630317040, 0, 36, 64, 52, 10, 0.34%, 1, 0, 3, 383.60
1630317887, 0, 40, 64, 51, 9, 0.34%, 1, 0, 3, 297.47
1630319140, 0, 41, 64, 50, 8, 0.34%, 1, 0, 3, 375.08
1630319319, 0, 45, 64, 49, 7, 0.34%, 1, 0, 3, 400.85
1630319607, 0, 45, 65, 50, 7, 0.36%, 1, 0, 3, 327.76
1630319618, 0, 45, 72, 57, 7, 0.37%, 1, 0, 3, 306.65
1630319638, 0, 45, 73, 58, 7, 0.37%, 1, 0, 3, 312.47
1630319643, 0, 45, 74, 59, 7, 0.37%, 1, 0, 3, 314.59
1630320121, 0, 46, 75, 59, 8, 0.38%, 1, 0, 3, 376.51
1630320223, 0, 46, 76, 60, 8, 0.38%, 1, 0, 3, 248.59
1630321006, 0, 49, 76, 59, 8, 0.38%, 1, 0, 3, 393.30
1630321206, 0, 49, 77, 60, 8, 0.38%, 1, 0, 3, 370.52
1630322014, 0, 52, 77, 59, 7, 0.38%, 1, 0, 3, 398.38
1630322703, 0, 52, 78, 60, 7, 0.38%, 1, 0, 3, 463.78
1630322708, 0, 52, 80, 62, 7, 0.38%, 1, 0, 3, 481.30
1630322749, 0, 57, 80, 61, 6, 0.38%, 1, 0, 3, 477.59
1630322913, 0, 58, 80, 60, 5, 0.38%, 1, 0, 3, 418.54
1630323752, 0, 62, 80, 59, 4, 0.38%, 1, 0, 3, 402.22
1630324454, 0, 62, 81, 60, 4, 0.38%, 1, 0, 4, 454.25
1630324464, 0, 64, 82, 60, 3, 0.38%, 1, 0, 4, 424.51
1630324474, 0, 64, 83, 61, 3, 0.38%, 1, 0, 4, 339.40
1630324485, 0, 64, 84, 62, 3, 0.38%, 1, 0, 4, 315.13
1630324500, 0, 64, 85, 63, 3, 0.38%, 1, 0, 4, 323.51
1630324521, 0, 64, 87, 65, 3, 0.38%, 1, 0, 4, 343.43
1630324777, 0, 64, 88, 66, 3, 0.38%, 1, 0, 4, 313.10
1630324844, 0, 64, 89, 67, 3, 0.38%, 1, 0, 4, 305.87
1630324880, 0, 64, 90, 68, 3, 0.38%, 1, 0, 4, 306.43
1630325385, 0, 64, 91, 69, 3, 0.38%, 1, 0, 4, 412.98
1630325390, 0, 74, 91, 68, 5, 0.38%, 1, 0, 4, 387.40
1630326283, 0, 83, 91, 67, 4, 0.38%, 1, 0, 4, 419.12
1630326597, 0, 83, 92, 68, 4, 0.38%, 1, 0, 5, 313.76
1630327207, 0, 83, 93, 69, 4, 0.38%, 1, 0, 5, 452.96
1630327212, 0, 83, 94, 70, 4, 0.38%, 1, 0, 5, 472.57
1630327222, 0, 86, 94, 69, 5, 0.38%, 1, 0, 5, 401.74
1630327600, 0, 86, 95, 70, 5, 0.38%, 1, 0, 5, 336.86
1630328083, 0, 86, 96, 71, 5, 0.38%, 1, 0, 5, 466.25
1630328088, 0, 87, 96, 70, 4, 0.38%, 1, 0, 5, 391.56
1630328103, 0, 87, 98, 72, 4, 0.41%, 1, 0, 5, 322.73
1630328154, 0, 87, 99, 73, 4, 0.41%, 1, 0, 5, 331.13
1630328604, 0, 87, 100, 74, 4, 0.41%, 1, 0, 5, 309.89
1630328609, 0, 87, 102, 76, 4, 0.41%, 1, 0, 5, 311.07
1630328614, 0, 87, 104, 78, 4, 0.41%, 1, 0, 5, 308.06
1630329086, 0, 87, 105, 79, 4, 0.41%, 1, 0, 5, 475.66
1630329101, 0, 88, 105, 78, 6, 0.41%, 1, 0, 5, 474.59
1630330040, 0, 88, 106, 79, 6, 0.41%, 1, 0, 5, 458.52
1630330045, 0, 91, 106, 78, 5, 0.41%, 1, 0, 5, 374.89
1630330060, 0, 91, 107, 79, 5, 0.41%, 1, 0, 6, 321.67
1630330558, 0, 91, 108, 80, 5, 0.41%, 1, 0, 6, 322.32
1630331035, 0, 92, 108, 79, 6, 0.41%, 1, 0, 6, 394.42
1630332262, 0, 93, 108, 78, 6, 0.41%, 1, 0, 6, 343.23
1630333018, 0, 93, 109, 79, 6, 0.41%, 1, 0, 6, 455.85
1630333038, 0, 96, 109, 78, 5, 0.41%, 1, 0, 6, 497.05
1630333049, 0, 96, 110, 79, 5, 0.41%, 1, 0, 6, 359.49
1630333054, 0, 96, 111, 80, 5, 0.41%, 1, 0, 6, 325.54
1630333080, 0, 96, 112, 81, 5, 0.41%, 1, 0, 6, 319.26
1630333105, 0, 96, 113, 82, 5, 0.41%, 1, 0, 6, 325.43
1630334039, 0, 101, 113, 81, 5, 0.41%, 1, 0, 6, 356.95
1630334728, 0, 101, 114, 82, 5, 0.41%, 1, 0, 6, 297.60
1630335301, 0, 103, 114, 81, 5, 0.41%, 1, 0, 6, 351.91
1630337229, 0, 106, 114, 80, 4, 0.41%, 1, 0, 6, 360.41
1630338224, 0, 107, 114, 79, 3, 0.41%, 1, 0, 6, 394.53
1630339281, 0, 110, 114, 78, 2, 0.41%, 1, 0, 6, 356.55
1630340272, 0, 112, 114, 77, 1, 0.41%, 1, 0, 6, 401.35
1630340956, 1, 2, 114, 76, 0, 0.41%, 1, 0, 6, 483.87
1630340961, 1, 8, 114, 76, 0, 0.41%, 1, 0, 6, 392.83
1630341824, 1, 11, 114, 75, 0, 0.41%, 1, 0, 6, 429.52
1630341829, 1, 15, 114, 75, 0, 0.41%, 1, 0, 6, 454.32
1630341942, 1, 17, 116, 76, 0, 0.41%, 1, 0, 6, 419.03
1630342750, 1, 17, 117, 77, 0, 0.41%, 1, 0, 6, 451.43
1630342755, 1, 22, 117, 76, 0, 0.41%, 1, 0, 6, 422.12
1630343451, 1, 28, 117, 75, 0, 0.41%, 1, 0, 6, 386.79
1630344435, 1, 34, 117, 74, 0, 0.41%, 1, 0, 6, 434.51
1630344702, 1, 37, 117, 73, 0, 0.41%, 1, 0, 6, 444.16
1630345455, 1, 39, 117, 72, 0, 0.41%, 1, 0, 6, 370.10
1630345527, 1, 39, 118, 73, 0, 0.41%, 1, 0, 6, 275.29
1630346952, 1, 39, 120, 75, 0, 0.41%, 1, 0, 6, 412.73
1630346962, 1, 93, 123, 77, 1, 0.41%, 1, 0, 6, 488.89
1630346973, 1, 119, 123, 77, 1, 0.41%, 1, 0, 6, 470.19
1630347642, 1, 120, 123, 76, 0, 0.41%, 1, 0, 6, 450.72
1630348636, 1, 120, 124, 77, 0, 0.41%, 1, 0, 7, 328.90
1630348999, 1, 120, 125, 78, 0, 0.41%, 1, 0, 7, 400.49
1630349010, 1, 120, 127, 80, 0, 0.41%, 1, 0, 7, 467.84
1630349025, 1, 120, 128, 81, 0, 0.41%, 1, 0, 7, 471.19
1630349045, 1, 120, 129, 82, 0, 0.41%, 1, 0, 7, 462.40
1630349070, 1, 125, 129, 81, 0, 0.41%, 1, 0, 7, 357.52
1630351758, 1, 125, 131, 83, 0, 0.41%, 1, 0, 8, 384.16
1630351763, 1, 125, 132, 84, 0, 0.41%, 1, 0, 8, 399.29
1630351789, 1, 125, 133, 85, 0, 0.41%, 1, 0, 8, 401.95
1630351835, 1, 128, 133, 84, 0, 0.41%, 1, 0, 8, 399.01
1630353765, 1, 128, 134, 85, 0, 0.41%, 1, 0, 8, 323.74
1630353795, 1, 128, 135, 86, 0, 0.41%, 1, 0, 8, 349.36
1630353811, 1, 129, 135, 85, 0, 0.41%, 1, 0, 8, 372.21
1630358066, 1, 129, 136, 86, 0, 0.41%, 1, 0, 9, 319.66
1630358101, 2, 3, 136, 85, 0, 0.41%, 1, 0, 9, 408.17
1630358668, 2, 5, 137, 85, 0, 0.41%, 1, 0, 9, 458.92
1630358674, 2, 7, 137, 85, 0, 0.41%, 1, 0, 9, 378.21
1630359483, 2, 7, 138, 86, 0, 0.41%, 1, 0, 9, 448.73
1630359488, 2, 23, 138, 85, 0, 0.41%, 1, 0, 9, 436.75
1630360338, 2, 46, 138, 84, 0, 0.41%, 1, 0, 9, 576.19
1630360343, 2, 50, 139, 85, 0, 0.41%, 1, 0, 9, 552.24
1630360745, 2, 54, 139, 84, 0, 0.41%, 1, 0, 9, 480.49
1630361388, 2, 56, 140, 84, 0, 0.41%, 1, 0, 9, 451.68
1630362033, 2, 60, 140, 83, 0, 0.41%, 1, 0, 9, 444.02
1630362617, 2, 60, 141, 84, 0, 0.41%, 1, 0, 9, 460.15
1630362622, 2, 66, 141, 83, 0, 0.41%, 1, 0, 9, 400.81
1630363960, 2, 68, 141, 82, 0, 0.41%, 1, 0, 9, 340.74
1630365427, 2, 69, 141, 81, 0, 0.41%, 1, 0, 9, 373.63
1630366865, 2, 70, 141, 80, 0, 0.41%, 1, 0, 9, 385.48
1630368309, 2, 72, 141, 79, 0, 0.41%, 1, 0, 9, 336.74
1630369449, 2, 73, 141, 78, 0, 0.41%, 1, 0, 9, 351.11
1630370416, 2, 74, 141, 77, 0, 0.41%, 1, 0, 9, 428.10
1630370421, 2, 80, 141, 77, 0, 0.41%, 1, 0, 9, 394.97
1630371172, 2, 80, 143, 79, 0, 0.41%, 1, 0, 9, 450.62
1630371177, 2, 80, 144, 80, 0, 0.41%, 1, 0, 9, 497.18
1630371203, 2, 87, 144, 79, 0, 0.41%, 1, 0, 9, 499.30
1630371208, 2, 93, 144, 79, 0, 0.41%, 1, 0, 9, 489.73
1630371213, 2, 94, 144, 79, 0, 0.41%, 1, 0, 9, 418.13
1630373131, 2, 94, 145, 80, 0, 0.41%, 1, 0, 9, 448.55
1630373136, 2, 102, 145, 79, 0, 0.41%, 1, 0, 9, 456.20
1630374363, 2, 102, 147, 81, 0, 0.41%, 1, 0, 9, 540.58
1630374368, 2, 102, 148, 82, 0, 0.41%, 1, 0, 9, 583.39
1630374379, 2, 102, 149, 83, 0, 0.41%, 1, 0, 9, 602.14
1630374389, 2, 102, 150, 84, 0, 0.41%, 1, 0, 9, 605.95
1630374414, 2, 103, 150, 83, 0, 0.41%, 1, 0, 9, 600.62
1630374419, 2, 110, 152, 85, 0, 0.41%, 1, 0, 9, 613.77
1630374424, 2, 151, 152, 85, 1, 0.41%, 1, 0, 9, 481.78
1630375428, 2, 151, 153, 86, 1, 0.41%, 1, 0, 9, 477.57
1630375433, 2, 151, 154, 87, 1, 0.41%, 1, 0, 9, 575.52
1630375438, 2, 151, 155, 88, 1, 0.41%, 1, 0, 9, 602.92
1630375469, 2, 153, 155, 87, 0, 0.41%, 1, 0, 9, 537.64
1630375474, 2, 153, 156, 88, 0, 0.41%, 1, 0, 9, 418.37
1630377527, 2, 153, 159, 91, 0, 0.41%, 1, 0, 9, 476.04
1630377533, 2, 153, 160, 92, 0, 0.41%, 1, 0, 9, 531.60
1630377538, 2, 153, 162, 94, 0, 0.41%, 1, 0, 9, 543.81
1630377548, 2, 153, 164, 96, 0, 0.41%, 1, 0, 9, 537.95
1630377553, 2, 153, 166, 98, 0, 0.41%, 1, 0, 9, 553.78
1630377568, 2, 153, 167, 99, 0, 0.41%, 1, 0, 9, 542.52
1630377573, 2, 156, 167, 98, 0, 0.41%, 1, 0, 9, 415.56
1630382113, 2, 156, 169, 100, 0, 0.41%, 1, 0, 10, 435.18
1630382133, 2, 156, 170, 101, 0, 0.41%, 1, 0, 10, 476.13
1630382149, 2, 156, 171, 102, 0, 0.41%, 1, 0, 10, 477.63
1630382154, 2, 156, 172, 103, 0, 0.41%, 1, 0, 10, 465.30
1630382164, 2, 158, 173, 103, 0, 0.41%, 1, 0, 10, 408.30
1630384951, 2, 167, 173, 102, 0, 0.41%, 1, 0, 10, 489.67
1630392819, 2, 167, 174, 103, 0, 0.41%, 1, 0, 11, 369.45
1630392824, 2, 167, 175, 104, 0, 0.41%, 1, 0, 11, 413.25
1630392829, 2, 167, 176, 105, 0, 0.41%, 1, 0, 11, 411.92
1630392834, 2, 167, 177, 106, 0, 0.41%, 1, 0, 11, 427.12
1630392860, 2, 167, 180, 109, 0, 0.41%, 1, 0, 11, 423.75
1630392875, 2, 169, 180, 108, 0, 0.41%, 1, 0, 11, 405.75
1630395157, 2, 169, 181, 109, 0, 0.42%, 1, 0, 11, 311.35
