# unix_time, cycles_done, cur_path, paths_total, pending_total, pending_favs, map_size, unique_crashes, unique_hangs, max_depth, execs_per_sec
1629009473, 0, 0, 1, 1, 1, 0.30%, 0, 0, 1, 173.91
1629009478, 0, 0, 18, 18, 1, 0.59%, 0, 0, 2, 250.01
1629009483, 0, 0, 26, 26, 1, 0.61%, 0, 0, 2, 270.54
1629009493, 0, 0, 34, 34, 1, 0.62%, 0, 0, 2, 268.97
1629009498, 0, 0, 36, 36, 1, 0.63%, 0, 0, 2, 271.18
1629009503, 0, 0, 50, 50, 1, 0.68%, 0, 0, 2, 291.38
1629009508, 0, 0, 56, 56, 1, 0.69%, 0, 0, 2, 266.79
1629009513, 0, 0, 57, 57, 1, 0.69%, 0, 0, 2, 262.07
1629009528, 0, 0, 58, 58, 1, 0.69%, 0, 0, 2, 266.09
1629009533, 0, 0, 60, 60, 1, 0.69%, 0, 0, 2, 268.51
1629009538, 0, 0, 61, 61, 1, 0.69%, 0, 0, 2, 265.50
1629009543, 0, 0, 62, 62, 1, 0.69%, 0, 0, 2, 261.79
1629009554, 0, 0, 63, 63, 1, 0.69%, 0, 0, 2, 263.89
1629009559, 0, 0, 64, 64, 1, 0.69%, 0, 0, 2, 270.85
1629009569, 0, 0, 65, 65, 1, 0.69%, 0, 0, 2, 261.05
1629009574, 0, 0, 66, 66, 1, 0.70%, 0, 0, 2, 268.25
1629009604, 0, 0, 71, 71, 1, 0.70%, 0, 0, 2, 271.61
1629009650, 0, 0, 86, 86, 1, 0.71%, 0, 0, 2, 287.65
1629009660, 0, 0, 87, 87, 1, 0.71%, 0, 0, 2, 258.50
1629009665, 0, 0, 91, 91, 1, 0.71%, 0, 0, 2, 262.72
1629009670, 0, 0, 92, 92, 1, 0.71%, 0, 0, 2, 262.37
1629009675, 0, 0, 94, 94, 1, 0.72%, 0, 0, 2, 261.09
1629009751, 0, 0, 95, 95, 1, 0.72%, 0, 0, 2, 264.36
1629009756, 0, 0, 96, 96, 1, 0.72%, 0, 0, 2, 258.25
1629009767, 0, 0, 97, 97, 1, 0.73%, 0, 0, 2, 261.76
1629009777, 0, 0, 98, 98, 1, 0.73%, 0, 0, 2, 267.24
1629009792, 0, 0, 99, 99, 1, 0.73%, 0, 0, 2, 267.83
1629009797, 0, 0, 100, 100, 1, 0.73%, 0, 0, 2, 262.16
1629009802, 0, 0, 101, 101, 1, 0.73%, 0, 0, 2, 268.43
1629009807, 0, 0, 104, 104, 1, 0.73%, 0, 0, 2, 262.53
1629009843, 0, 0, 106, 106, 1, 0.74%, 0, 0, 2, 298.22
1629009853, 0, 0, 111, 111, 1, 0.74%, 0, 0, 2, 326.24
1629009858, 0, 0, 127, 127, 1, 0.80%, 0, 0, 2, 263.79
1629009863, 0, 0, 135, 135, 1, 0.87%, 0, 0, 2, 254.22
1629011076, 0, 0, 145, 145, 1, 0.87%, 0, 0, 2, 270.96
1629011081, 0, 0, 156, 156, 1, 0.87%, 0, 0, 2, 298.56
1629011087, 0, 0, 163, 163, 1, 0.87%, 0, 0, 2, 307.94
1629011092, 0, 0, 168, 168, 1, 0.87%, 0, 0, 2, 304.13
1629011097, 0, 0, 170, 170, 1, 0.87%, 0, 0, 2, 304.99
1629011102, 0, 0, 173, 173, 1, 0.87%, 0, 0, 2, 302.19
1629011107, 0, 0, 176, 176, 1, 0.89%, 0, 0, 2, 302.00
1629011112, 0, 0, 177, 177, 1, 0.89%, 0, 0, 2, 306.86
1629011117, 0, 0, 178, 178, 1, 0.89%, 0, 0, 2, 304.58
1629011123, 0, 0, 179, 179, 1, 0.89%, 0, 0, 2, 311.33
1629011128, 0, 0, 180, 180, 1, 0.89%, 0, 0, 2, 308.51
1629011133, 0, 0, 181, 181, 1, 0.89%, 0, 0, 2, 309.14
1629011138, 0, 0, 182, 182, 1, 0.89%, 0, 0, 2, 304.27
1629011154, 0, 0, 183, 183, 1, 0.89%, 0, 0, 2, 300.41
1629011159, 0, 0, 184, 184, 1, 0.89%, 0, 0, 2, 301.83
1629011169, 0, 0, 185, 185, 1, 0.89%, 0, 0, 2, 303.26
1629011174, 0, 0, 187, 187, 1, 0.89%, 0, 0, 2, 301.89
1629011179, 0, 0, 188, 188, 1, 0.89%, 0, 0, 2, 306.18
1629011184, 0, 4, 189, 188, 46, 0.89%, 0, 0, 2, 303.27
1629011195, 0, 4, 190, 189, 46, 0.90%, 0, 0, 3, 359.39
1629011266, 0, 7, 190, 188, 44, 0.90%, 0, 0, 3, 369.89
1629011276, 0, 7, 191, 189, 44, 0.90%, 0, 0, 3, 442.81
1629011348, 0, 8, 191, 188, 44, 0.90%, 0, 0, 3, 350.89
1629011374, 0, 8, 192, 189, 44, 0.90%, 0, 0, 3, 279.27
1629011425, 0, 8, 193, 190, 44, 0.90%, 0, 0, 3, 439.66
1629011430, 0, 14, 193, 189, 43, 0.90%, 0, 0, 3, 312.41
1629012865, 0, 22, 193, 188, 42, 0.90%, 0, 0, 3, 318.47
1629012870, 0, 22, 195, 190, 42, 0.90%, 0, 0, 3, 309.66
1629012891, 0, 22, 196, 191, 42, 0.90%, 0, 0, 3, 262.63
1629012948, 0, 28, 196, 190, 41, 0.90%, 0, 0, 3, 338.31
1629012953, 0, 28, 197, 191, 41, 0.90%, 0, 0, 3, 364.00
1629012979, 0, 28, 198, 192, 41, 0.91%, 0, 0, 3, 281.11
1629013025, 0, 31, 198, 191, 42, 0.91%, 0, 0, 3, 337.76
1629013081, 0, 32, 198, 190, 41, 0.91%, 2, 0, 3, 371.01
1629013086, 0, 32, 198, 190, 41, 0.91%, 6, 0, 3, 313.53
1629013091, 0, 32, 198, 190, 41, 0.91%, 9, 0, 3, 378.11
1629013163, 0, 32, 199, 191, 41, 0.91%, 9, 0, 3, 444.46
1629013169, 0, 37, 199, 190, 39, 0.91%, 9, 0, 3, 297.86
1629013230, 0, 37, 200, 191, 39, 0.91%, 9, 0, 3, 263.10
1629014700, 0, 37, 203, 194, 39, 0.91%, 9, 0, 3, 286.39
1629014715, 0, 37, 204, 195, 39, 0.91%, 9, 0, 3, 300.10
1629014746, 0, 37, 205, 196, 39, 0.91%, 9, 0, 3, 302.10
1629014757, 0, 37, 206, 197, 39, 0.91%, 9, 0, 3, 299.31
1629014793, 0, 37, 207, 198, 39, 0.91%, 9, 0, 3, 299.49
1629014808, 0, 43, 207, 197, 38, 0.91%, 9, 0, 3, 508.76
1629014824, 0, 44, 208, 197, 37, 0.91%, 9, 0, 3, 384.38
1629014849, 0, 44, 209, 198, 37, 0.91%, 9, 0, 3, 262.78
1629014906, 0, 45, 209, 197, 36, 0.91%, 9, 0, 3, 352.68
1629014916, 0, 45, 210, 198, 36, 0.91%, 9, 0, 3, 397.90
1629014937, 0, 45, 211, 199, 36, 0.91%, 9, 0, 3, 253.30
1629014988, 0, 53, 211, 198, 33, 0.91%, 9, 0, 3, 355.02
1629015323, 0, 53, 213, 200, 33, 0.93%, 9, 0, 3, 252.38
1629015328, 0, 53, 216, 203, 33, 0.94%, 9, 0, 3, 258.04
1629016443, 0, 54, 216, 202, 37, 0.94%, 9, 0, 3, 285.10
1629016665, 0, 54, 217, 203, 37, 0.94%, 9, 0, 3, 265.52
1629017897, 0, 56, 217, 202, 36, 0.94%, 9, 0, 3, 287.93
1629017948, 0, 56, 218, 203, 36, 0.94%, 9, 0, 3, 263.55
1629018082, 0, 59, 218, 202, 35, 0.94%, 9, 0, 3, 334.58
1629019531, 0, 62, 218, 201, 34, 0.94%, 9, 0, 3, 265.90
1629019602, 0, 62, 219, 202, 34, 0.94%, 9, 0, 3, 260.89
1629020984, 0, 64, 219, 201, 33, 0.94%, 9, 0, 3, 316.57
1629021040, 0, 65, 219, 200, 32, 0.94%, 9, 0, 3, 379.10
1629021091, 0, 75, 220, 200, 31, 0.94%, 9, 0, 3, 339.14
1629021122, 0, 75, 221, 201, 31, 0.94%, 9, 0, 3, 290.04
1629021147, 0, 75, 222, 202, 31, 0.94%, 9, 0, 3, 313.34
1629021172, 0, 75, 223, 203, 31, 0.94%, 9, 0, 3, 260.74
1629021178, 0, 75, 224, 204, 31, 0.94%, 9, 0, 3, 258.64
1629021351, 0, 86, 225, 204, 30, 0.94%, 9, 0, 3, 390.81
1629022780, 0, 92, 225, 203, 30, 0.94%, 10, 0, 3, 281.72
1629022903, 0, 92, 226, 204, 30, 0.94%, 10, 0, 3, 253.37
1629024225, 0, 93, 226, 203, 30, 0.94%, 10, 0, 3, 279.44
1629024394, 0, 93, 227, 204, 30, 0.95%, 10, 0, 3, 258.89
1629025671, 0, 105, 227, 203, 30, 0.95%, 10, 0, 3, 300.48
1629025686, 0, 105, 228, 204, 30, 0.96%, 10, 0, 3, 317.73
1629025794, 0, 112, 229, 204, 30, 0.96%, 10, 0, 3, 342.32
1629025799, 0, 112, 231, 206, 30, 0.96%, 10, 0, 3, 284.60
1629025810, 0, 112, 232, 207, 30, 0.96%, 10, 0, 3, 347.68
1629025830, 0, 112, 233, 208, 30, 0.96%, 10, 0, 3, 271.05
1629025835, 0, 112, 234, 209, 30, 0.96%, 10, 0, 3, 259.00
1629025866, 0, 112, 235, 210, 30, 0.96%, 10, 0, 3, 252.00
1629025871, 0, 112, 240, 215, 30, 1.02%, 10, 0, 3, 247.40
1629025876, 0, 112, 241, 216, 30, 1.03%, 10, 0, 3, 254.04
1629025944, 0, 126, 241, 215, 36, 1.03%, 10, 0, 3, 343.85
1629026072, 0, 132, 241, 214, 35, 1.03%, 10, 0, 3, 360.34
1629026083, 0, 132, 242, 215, 35, 1.03%, 10, 0, 3, 257.10
1629026109, 0, 132, 243, 216, 35, 1.03%, 10, 0, 3, 256.56
1629026124, 0, 132, 244, 217, 35, 1.03%, 10, 0, 3, 238.74
1629026129, 0, 132, 245, 218, 35, 1.03%, 10, 0, 3, 238.53
1629026222, 0, 132, 246, 219, 35, 1.03%, 10, 0, 3, 258.26
1629026453, 0, 132, 247, 220, 35, 1.03%, 10, 0, 3, 247.58
1629027731, 0, 133, 247, 219, 34, 1.03%, 10, 0, 3, 269.48
1629028049, 0, 133, 248, 220, 34, 1.16%, 10, 0, 3, 262.44
1629029403, 0, 133, 249, 221, 34, 1.16%, 10, 0, 3, 276.57
1629029408, 0, 145, 249, 220, 34, 1.16%, 10, 0, 3, 297.02
1629030410, 0, 152, 249, 219, 33, 1.16%, 10, 0, 3, 340.60
1629030482, 0, 167, 249, 218, 32, 1.16%, 10, 0, 3, 334.96
1629030739, 0, 171, 249, 217, 31, 1.16%, 10, 0, 3, 358.21
1629030754, 0, 171, 250, 218, 31, 1.16%, 10, 0, 3, 303.31
1629031623, 0, 171, 252, 220, 31, 1.16%, 10, 0, 3, 307.01
1629031633, 0, 174, 252, 219, 32, 1.16%, 10, 0, 3, 314.75
1629031638, 0, 174, 256, 223, 32, 1.17%, 10, 0, 3, 281.93
1629031654, 0, 174, 257, 224, 32, 1.17%, 10, 0, 3, 260.84
1629031659, 0, 174, 258, 225, 32, 1.17%, 10, 0, 3, 288.77
1629031838, 0, 180, 258, 224, 34, 1.17%, 10, 0, 3, 334.07
1629031993, 0, 180, 259, 225, 34, 1.17%, 10, 0, 3, 256.42
1629032474, 0, 182, 259, 224, 34, 1.17%, 10, 0, 3, 314.85
1629033348, 0, 182, 260, 225, 34, 1.17%, 10, 0, 3, 309.44
1629033353, 0, 186, 260, 224, 33, 1.17%, 10, 0, 3, 290.92
1629034783, 0, 189, 260, 223, 33, 1.17%, 10, 0, 3, 319.86
1629034860, 0, 190, 260, 222, 32, 1.17%, 10, 0, 3, 349.81
1629034865, 0, 190, 260, 222, 32, 1.17%, 11, 0, 3, 365.79
1629034922, 0, 190, 261, 223, 32, 1.18%, 11, 0, 4, 261.44
1629034932, 0, 190, 262, 224, 32, 1.18%, 11, 0, 4, 388.43
1629034937, 0, 193, 262, 223, 32, 1.18%, 11, 0, 4, 371.06
1629035019, 0, 196, 264, 224, 31, 1.18%, 11, 0, 4, 363.71
1629035071, 0, 196, 265, 225, 31, 1.18%, 11, 0, 4, 268.75
1629035076, 0, 196, 266, 226, 31, 1.18%, 11, 0, 4, 269.22
1629035096, 0, 198, 268, 227, 32, 1.18%, 11, 0, 4, 337.31
1629035127, 0, 198, 269, 228, 32, 1.18%, 11, 0, 4, 273.16
1629035189, 0, 198, 270, 229, 32, 1.18%, 11, 0, 4, 443.93
1629035194, 0, 198, 272, 231, 32, 1.18%, 11, 0, 4, 498.20
1629035199, 0, 198, 274, 233, 32, 1.18%, 11, 0, 4, 513.95
1629035235, 0, 208, 274, 232, 31, 1.18%, 11, 0, 4, 405.01
1629035410, 0, 209, 275, 232, 30, 1.18%, 11, 0, 4, 337.90
1629035415, 0, 209, 276, 233, 30, 1.18%, 11, 0, 4, 347.05
1629035436, 0, 209, 277, 234, 30, 1.18%, 11, 0, 4, 268.55
1629035451, 0, 209, 278, 235, 30, 1.18%, 11, 0, 4, 272.17
1629035487, 0, 211, 278, 234, 29, 1.18%, 11, 0, 4, 327.03
1629035498, 0, 211, 279, 235, 29, 1.19%, 11, 0, 4, 263.11
1629036977, 0, 211, 280, 236, 29, 1.19%, 11, 0, 4, 259.43
1629036988, 0, 213, 280, 235, 29, 1.19%, 11, 0, 4, 270.72
1629036993, 0, 213, 281, 236, 29, 1.19%, 11, 0, 4, 263.77
1629038502, 0, 213, 282, 237, 29, 1.19%, 11, 0, 4, 289.99
1629038507, 0, 214, 282, 236, 29, 1.19%, 11, 0, 4, 286.40
1629040047, 0, 215, 282, 235, 28, 1.19%, 11, 0, 4, 272.63
1629041622, 0, 216, 283, 235, 28, 1.19%, 11, 0, 4, 288.82
1629041632, 0, 216, 290, 242, 28, 1.19%, 11, 0, 4, 262.03
1629041647, 0, 216, 291, 243, 28, 1.20%, 11, 0, 4, 259.00
1629041673, 0, 216, 293, 245, 28, 1.20%, 11, 0, 4, 263.90
1629041852, 0, 216, 294, 246, 28, 1.20%, 11, 0, 4, 257.00
1629042752, 0, 216, 295, 247, 28, 1.20%, 11, 0, 4, 260.68
1629042762, 0, 216, 296, 248, 28, 1.20%, 11, 0, 4, 256.23
1629043089, 0, 217, 297, 248, 32, 1.20%, 11, 0, 4, 298.76
1629043308, 0, 222, 297, 247, 31, 1.20%, 11, 0, 4, 322.99
1629043425, 0, 222, 298, 248, 31, 1.20%, 11, 0, 4, 261.51
1629043567, 0, 225, 298, 247, 29, 1.20%, 11, 0, 4, 308.98
1629043772, 0, 225, 299, 248, 29, 1.20%, 11, 0, 4, 253.57
1629045038, 0, 225, 300, 249, 29, 1.20%, 11, 0, 4, 290.42
1629045043, 0, 226, 300, 248, 29, 1.20%, 11, 0, 4, 267.71
1629045294, 0, 226, 301, 249, 29, 1.20%, 11, 0, 4, 254.12
1629046507, 0, 227, 301, 248, 28, 1.20%, 11, 0, 4, 304.80
1629046625, 0, 229, 301, 247, 27, 1.20%, 11, 0, 4, 334.57
1629046785, 0, 234, 301, 246, 26, 1.20%, 11, 0, 4, 319.34
1629046964, 0, 235, 301, 245, 25, 1.20%, 11, 0, 4, 301.68
1629047139, 0, 236, 303, 246, 24, 1.22%, 11, 0, 4, 303.62
1629047144, 0, 236, 304, 247, 24, 1.22%, 11, 0, 4, 275.95
1629047149, 0, 236, 305, 248, 24, 1.22%, 11, 0, 4, 254.56
1629047154, 0, 236, 306, 249, 24, 1.22%, 11, 0, 4, 275.35
1629047164, 0, 236, 308, 251, 24, 1.22%, 11, 0, 4, 318.63
1629047180, 0, 236, 311, 254, 24, 1.23%, 11, 0, 4, 298.20
1629047303, 0, 236, 312, 255, 24, 1.23%, 11, 0, 4, 242.53
1629047308, 0, 236, 313, 256, 24, 1.23%, 11, 0, 4, 245.93
1629047314, 0, 236, 315, 258, 24, 1.23%, 11, 0, 4, 250.40
1629047380, 0, 236, 316, 259, 24, 1.23%, 11, 0, 4, 337.66
1629047385, 0, 242, 316, 258, 28, 1.23%, 11, 0, 4, 358.62
1629047519, 0, 247, 316, 257, 26, 1.23%, 11, 0, 4, 382.26
1629047580, 0, 247, 317, 258, 26, 1.25%, 11, 0, 4, 208.04
1629047769, 0, 247, 318, 259, 26, 1.25%, 11, 0, 4, 248.95
1629048074, 0, 247, 319, 260, 26, 1.25%, 11, 0, 4, 238.81
1629050271, 0, 250, 319, 259, 26, 1.25%, 11, 0, 4, 253.72
1629050405, 0, 250, 320, 260, 26, 1.25%, 11, 0, 4, 263.88
1629051160, 0, 251, 320, 259, 25, 1.25%, 11, 0, 4, 288.29
1629051954, 0, 252, 320, 258, 24, 1.25%, 11, 0, 4, 318.16
1629052011, 0, 255, 321, 258, 23, 1.25%, 11, 0, 4, 355.00
1629052221, 0, 256, 321, 257, 22, 1.25%, 11, 0, 4, 307.72
1629052425, 0, 260, 321, 256, 21, 1.25%, 11, 0, 4, 324.61
1629052610, 0, 261, 321, 255, 20, 1.25%, 11, 0, 4, 418.45
1629052687, 0, 262, 321, 254, 19, 1.25%, 11, 0, 4, 380.42
1629052764, 0, 262, 322, 255, 19, 1.25%, 11, 0, 5, 397.00
1629052769, 0, 262, 323, 256, 19, 1.25%, 11, 0, 5, 491.21
1629052779, 0, 263, 323, 255, 18, 1.25%, 11, 0, 5, 453.85
1629052861, 0, 264, 323, 254, 17, 1.25%, 11, 0, 5, 369.22
1629052972, 0, 265, 323, 253, 17, 1.25%, 11, 0, 5, 412.51
1629053120, 0, 275, 323, 252, 16, 1.25%, 11, 0, 5, 405.02
1629053201, 0, 278, 323, 251, 15, 1.25%, 11, 0, 5, 324.37
1629054830, 0, 280, 323, 250, 14, 1.25%, 11, 0, 5, 268.43
1629056486, 0, 280, 324, 251, 14, 1.25%, 11, 0, 5, 268.22
1629056497, 0, 282, 324, 250, 14, 1.25%, 11, 0, 5, 257.92
1629058493, 0, 282, 325, 251, 14, 1.25%, 11, 0, 5, 246.18
1629058503, 0, 283, 325, 250, 13, 1.25%, 11, 0, 5, 271.31
1629059977, 0, 283, 326, 251, 13, 1.25%, 11, 0, 5, 295.96
1629059988, 0, 284, 326, 250, 12, 1.25%, 11, 0, 5, 280.53
1629059993, 0, 284, 327, 251, 12, 1.25%, 11, 0, 5, 258.39
1629061459, 0, 284, 328, 252, 12, 1.25%, 11, 0, 5, 286.34
1629061470, 0, 288, 328, 251, 12, 1.25%, 11, 0, 5, 280.98
1629062947, 0, 290, 328, 250, 11, 1.25%, 11, 0, 5, 281.83
1629062998, 0, 290, 329, 251, 11, 1.25%, 11, 0, 5, 258.67
1629064423, 0, 290, 332, 254, 11, 1.25%, 11, 0, 5, 283.06
1629064428, 0, 290, 334, 256, 11, 1.25%, 11, 0, 5, 296.33
1629064439, 0, 290, 335, 257, 11, 1.25%, 11, 0, 5, 298.64
1629064459, 0, 290, 336, 258, 11, 1.25%, 11, 0, 5, 299.49
1629064531, 0, 292, 336, 257, 12, 1.25%, 11, 0, 5, 288.00
1629064603, 0, 292, 337, 258, 12, 1.26%, 11, 0, 5, 265.71
1629064766, 0, 292, 339, 260, 12, 1.26%, 11, 0, 5, 256.00
1629065680, 0, 292, 340, 261, 12, 1.26%, 11, 0, 5, 263.64
1629065685, 0, 292, 341, 262, 12, 1.26%, 11, 0, 5, 260.08
1629066010, 0, 292, 342, 263, 12, 1.26%, 11, 0, 5, 280.39
1629066020, 0, 298, 342, 262, 12, 1.26%, 11, 0, 5, 282.06
1629066177, 0, 298, 343, 263, 12, 1.26%, 11, 0, 5, 261.45
1629067457, 0, 298, 344, 264, 12, 1.26%, 11, 0, 5, 288.05
1629067462, 0, 298, 345, 265, 12, 1.26%, 11, 0, 5, 296.87
1629067478, 0, 298, 346, 266, 12, 1.26%, 11, 0, 5, 298.34
1629067508, 0, 302, 346, 265, 13, 1.26%, 11, 0, 5, 300.43
1629067518, 0, 302, 348, 267, 13, 1.27%, 11, 0, 5, 283.68
1629067670, 0, 302, 349, 268, 13, 1.27%, 11, 0, 5, 270.79
1629067726, 0, 305, 349, 267, 14, 1.27%, 11, 0, 5, 333.64
1629067914, 0, 307, 349, 266, 12, 1.27%, 11, 0, 5, 361.43
1629068107, 0, 308, 349, 265, 11, 1.27%, 11, 0, 5, 334.60
1629068317, 0, 308, 350, 266, 11, 1.27%, 11, 0, 5, 404.32
1629068322, 0, 316, 350, 265, 10, 1.27%, 11, 0, 5, 409.10
1629068327, 0, 316, 354, 269, 10, 1.28%, 11, 0, 5, 300.33
1629068337, 0, 316, 355, 270, 10, 1.29%, 11, 0, 5, 211.98
1629068598, 0, 323, 355, 269, 14, 1.29%, 11, 0, 5, 330.63
1629069507, 0, 323, 356, 270, 14, 1.29%, 11, 0, 6, 306.08
1629069517, 0, 325, 356, 269, 13, 1.29%, 11, 0, 6, 278.90
1629071186, 0, 325, 358, 271, 13, 1.29%, 11, 0, 6, 263.18
1629071206, 0, 326, 358, 270, 13, 1.29%, 11, 0, 6, 274.15
1629072682, 0, 326, 359, 271, 13, 1.29%, 11, 0, 6, 288.03
1629072692, 0, 333, 359, 270, 13, 1.29%, 11, 0, 6, 304.58
1629073494, 0, 333, 360, 271, 13, 1.29%, 11, 0, 6, 263.85
1629073504, 0, 333, 361, 272, 13, 1.29%, 11, 0, 6, 304.82
1629073514, 0, 336, 361, 271, 12, 1.29%, 11, 0, 6, 317.05
1629073570, 0, 336, 362, 272, 12, 1.29%, 11, 0, 6, 260.56
1629073585, 0, 336, 363, 273, 12, 1.29%, 11, 0, 6, 273.48
1629074667, 0, 336, 364, 274, 12, 1.29%, 11, 0, 6, 253.42
1629074996, 0, 336, 365, 275, 12, 1.29%, 11, 0, 6, 289.75
1629075001, 0, 336, 366, 276, 12, 1.29%, 11, 0, 6, 296.63
1629075022, 0, 339, 366, 275, 13, 1.29%, 11, 0, 6, 277.48
1629076560, 0, 339, 367, 276, 13, 1.29%, 11, 0, 6, 286.34
1629076571, 0, 342, 367, 275, 13, 1.29%, 11, 0, 6, 288.72
1629076804, 0, 342, 368, 276, 13, 1.29%, 11, 0, 6, 252.32
1629078017, 0, 344, 368, 275, 12, 1.29%, 11, 0, 6, 270.80
1629079474, 0, 346, 369, 275, 11, 1.30%, 11, 0, 6, 286.79
1629079692, 0, 350, 369, 274, 11, 1.30%, 11, 0, 6, 398.64
1629079970, 0, 351, 369, 273, 10, 1.30%, 11, 0, 6, 305.71
1629079981, 0, 351, 371, 275, 10, 1.30%, 11, 0, 6, 213.20
1629080178, 0, 351, 372, 276, 10, 1.30%, 11, 0, 6, 178.25
1629080244, 0, 352, 372, 275, 10, 1.30%, 11, 0, 6, 330.69
1629080518, 0, 353, 372, 274, 9, 1.30%, 11, 0, 6, 397.68
1629080792, 0, 354, 372, 273, 8, 1.30%, 11, 0, 6, 384.46
1629081070, 0, 358, 372, 272, 7, 1.30%, 11, 0, 6, 295.14
1629082476, 0, 358, 373, 273, 7, 1.30%, 11, 0, 7, 296.77
1629082486, 0, 361, 373, 272, 6, 1.30%, 11, 0, 7, 285.31
1629082618, 0, 361, 374, 273, 6, 1.30%, 11, 0, 7, 254.32
1629083633, 0, 361, 375, 274, 6, 1.30%, 11, 0, 7, 253.94
1629083963, 0, 361, 377, 276, 6, 1.30%, 11, 0, 7, 289.14
1629083989, 0, 363, 377, 275, 7, 1.30%, 11, 0, 7, 283.62
1629085161, 0, 363, 378, 276, 7, 1.30%, 11, 0, 7, 251.40
1629085526, 0, 363, 379, 277, 7, 1.30%, 11, 0, 7, 281.06
1629085541, 0, 366, 379, 276, 6, 1.30%, 11, 0, 7, 271.44
1629085765, 0, 366, 380, 277, 6, 1.30%, 11, 0, 7, 252.90
1629087039, 0, 366, 381, 278, 6, 1.30%, 11, 0, 7, 274.19
1629087054, 0, 368, 381, 277, 7, 1.30%, 11, 0, 7, 283.20
1629087273, 0, 371, 381, 276, 6, 1.30%, 11, 0, 7, 322.02
1629087288, 0, 371, 382, 277, 6, 1.30%, 11, 0, 7, 228.87
1629087547, 0, 374, 382, 276, 6, 1.30%, 11, 0, 7, 296.84
1629089089, 0, 374, 383, 277, 6, 1.30%, 11, 0, 8, 280.76
1629089104, 0, 380, 383, 276, 4, 1.30%, 11, 0, 8, 263.90
1629090094, 0, 380, 384, 277, 4, 1.30%, 11, 0, 8, 249.44
1629090786, 0, 380, 385, 278, 4, 1.30%, 11, 0, 8, 255.39
1629090807, 0, 380, 386, 279, 4, 1.30%, 11, 0, 8, 274.99
1629090847, 0, 381, 386, 278, 3, 1.30%, 11, 0, 8, 289.21
1629090863, 0, 381, 387, 279, 3, 1.30%, 11, 0, 8, 212.84
1629091127, 0, 382, 387, 278, 2, 1.30%, 11, 0, 8, 294.75
1629092617, 0, 382, 389, 280, 2, 1.30%, 11, 0, 9, 291.36
1629092637, 0, 382, 390, 281, 2, 1.30%, 11, 0, 9, 300.30
1629092674, 1, 11, 390, 280, 1, 1.30%, 11, 0, 9, 276.32
1629094155, 1, 202, 390, 279, 1, 1.30%, 11, 0, 9, 256.37
1629096035, 1, 240, 390, 278, 1, 1.30%, 11, 0, 9, 264.25
1629096278, 1, 244, 390, 277, 0, 1.30%, 11, 0, 9, 324.78
1629097109, 1, 245, 390, 276, 0, 1.30%, 11, 0, 9, 295.45
1629097852, 1, 249, 390, 275, 0, 1.30%, 11, 0, 9, 288.14
