# unix_time, cycles_done, cur_path, paths_total, pending_total, pending_favs, map_size, unique_crashes, unique_hangs, max_depth, execs_per_sec
1619418587, 0, 0, 1, 1, 1, 0.08%, 0, 0, 1, 0.55
1619418613, 0, 0, 3, 3, 1, 0.08%, 0, 0, 2, 140.38
1619418618, 0, 0, 6, 6, 1, 0.08%, 0, 0, 2, 8.74
1619418628, 0, 0, 7, 7, 1, 0.08%, 0, 0, 2, 8.71
1619418669, 0, 0, 8, 8, 1, 0.08%, 0, 0, 2, 8.85
1619418726, 0, 0, 9, 9, 1, 0.08%, 0, 0, 2, 9.05
1619418792, 0, 0, 10, 10, 1, 0.08%, 0, 0, 2, 8.90
1619418869, 0, 0, 11, 11, 1, 0.08%, 0, 0, 2, 8.97
1619418875, 0, 0, 12, 12, 1, 0.08%, 0, 0, 2, 8.88
1619418906, 0, 0, 13, 13, 1, 0.08%, 0, 0, 2, 8.93
1619419132, 0, 0, 14, 14, 1, 0.08%, 0, 0, 2, 10.14
1619419363, 0, 0, 15, 15, 1, 0.08%, 0, 0, 2, 8.90
1619419461, 0, 0, 16, 16, 1, 0.08%, 0, 0, 2, 8.91
1619419471, 0, 0, 18, 18, 1, 0.08%, 0, 0, 2, 78.39
1619419522, 0, 0, 19, 19, 1, 0.08%, 0, 0, 2, 8.91
1619419542, 0, 0, 20, 20, 1, 0.08%, 0, 0, 2, 8.93
1619419651, 0, 0, 21, 21, 1, 0.08%, 0, 0, 2, 8.94
1619420181, 0, 0, 22, 22, 1, 0.08%, 0, 0, 2, 8.95
1619420392, 0, 0, 23, 23, 1, 0.08%, 0, 0, 2, 8.83
1619420592, 0, 0, 24, 24, 1, 0.08%, 0, 0, 2, 8.97
1619421261, 0, 0, 26, 26, 1, 0.08%, 0, 0, 2, 15.72
1619423564, 0, 0, 28, 28, 1, 0.08%, 0, 0, 2, 39.87
1619423570, 0, 0, 32, 32, 1, 0.08%, 0, 0, 2, 37.18
1619423575, 0, 0, 33, 33, 1, 0.08%, 0, 0, 2, 26.44
1619423580, 0, 0, 35, 35, 1, 0.08%, 0, 0, 2, 31.56
1619423585, 0, 0, 38, 38, 1, 0.08%, 0, 0, 2, 22.29
1619423590, 0, 0, 41, 41, 1, 0.08%, 0, 0, 2, 16.78
1619423595, 0, 0, 45, 45, 1, 0.08%, 0, 0, 2, 14.17
1619423600, 0, 0, 48, 48, 1, 0.08%, 0, 0, 2, 23.16
1619423692, 0, 0, 49, 49, 1, 0.08%, 0, 0, 2, 8.84
1619428106, 0, 0, 50, 50, 1, 0.08%, 0, 0, 2, 8.98
1619428111, 0, 0, 51, 51, 1, 0.08%, 0, 0, 2, 9.01
1619429170, 0, 0, 52, 52, 1, 0.08%, 0, 0, 2, 381.95
1619429180, 0, 0, 53, 53, 1, 0.08%, 0, 0, 2, 30.66
1619429279, 0, 0, 55, 55, 1, 0.08%, 0, 0, 2, 24.01
1619429284, 0, 0, 56, 56, 1, 0.08%, 0, 0, 2, 21.02
1619429340, 0, 0, 57, 57, 1, 0.08%, 0, 0, 2, 23.02
1619429356, 0, 0, 58, 58, 1, 0.08%, 0, 0, 2, 14.70
1619429361, 0, 0, 59, 59, 1, 0.08%, 0, 0, 2, 23.02
1619429381, 0, 0, 60, 60, 1, 0.08%, 0, 0, 2, 15.41
1619429412, 0, 0, 62, 62, 1, 0.08%, 0, 0, 2, 18.57
1619429417, 0, 0, 64, 64, 1, 0.09%, 0, 0, 2, 14.32
1619429427, 0, 0, 67, 67, 1, 0.09%, 0, 0, 2, 13.69
1619429432, 0, 0, 69, 69, 1, 0.09%, 0, 0, 2, 12.09
1619429438, 0, 0, 70, 70, 1, 0.09%, 0, 0, 2, 13.18
1619429443, 0, 0, 73, 73, 1, 0.09%, 1, 0, 2, 12.61
1619429448, 0, 0, 74, 74, 1, 0.10%, 1, 0, 2, 2.47
1619429458, 0, 0, 75, 75, 1, 0.10%, 1, 0, 2, 12.90
1619429463, 0, 0, 76, 76, 1, 0.10%, 1, 0, 2, 14.12
1619429468, 0, 0, 77, 77, 1, 0.12%, 1, 0, 2, 2.55
1619429489, 0, 0, 78, 78, 1, 0.12%, 2, 0, 2, 9.24
1619429494, 0, 0, 79, 79, 1, 0.12%, 2, 0, 2, 9.80
1619429504, 0, 0, 80, 80, 1, 0.13%, 2, 0, 2, 13.94
1619429509, 0, 0, 81, 81, 1, 0.13%, 2, 0, 2, 13.12
1619429514, 0, 0, 82, 82, 1, 0.13%, 2, 0, 2, 13.23
1619429529, 0, 0, 83, 83, 1, 0.13%, 2, 0, 2, 13.87
1619429535, 0, 0, 84, 84, 1, 0.13%, 2, 0, 2, 10.89
1619429540, 0, 0, 85, 85, 1, 0.13%, 2, 0, 2, 12.01
1619429545, 0, 0, 86, 86, 1, 0.13%, 2, 0, 2, 11.05
1619429550, 0, 0, 87, 87, 1, 0.13%, 2, 0, 2, 12.98
1619429555, 0, 0, 88, 88, 1, 0.13%, 2, 0, 2, 12.43
1619429560, 0, 0, 89, 89, 1, 0.13%, 2, 0, 2, 12.24
1619429565, 0, 0, 90, 90, 1, 0.13%, 2, 0, 2, 14.41
1619429581, 0, 0, 91, 91, 1, 0.13%, 2, 0, 2, 11.58
1619429596, 0, 0, 92, 92, 1, 0.13%, 2, 0, 2, 12.86
1619429601, 0, 0, 93, 93, 1, 0.13%, 2, 0, 2, 12.45
1619429606, 0, 0, 94, 94, 1, 0.13%, 2, 0, 2, 14.23
1619429611, 0, 0, 96, 96, 1, 0.13%, 2, 0, 2, 13.75
1619429621, 0, 0, 98, 98, 1, 0.13%, 2, 0, 2, 13.36
1619429626, 0, 0, 99, 99, 1, 0.13%, 2, 0, 2, 9.89
1619429631, 0, 0, 100, 100, 1, 0.13%, 2, 0, 2, 9.19
1619429637, 0, 0, 101, 101, 1, 0.13%, 2, 0, 2, 8.99
1619429642, 0, 0, 102, 102, 1, 0.13%, 2, 0, 2, 11.68
1619429647, 0, 0, 103, 103, 1, 0.13%, 2, 0, 2, 13.92
1619429652, 0, 0, 104, 104, 1, 0.13%, 2, 0, 2, 14.60
1619429657, 0, 0, 105, 105, 1, 0.14%, 2, 0, 2, 14.69
1619429667, 0, 0, 106, 106, 1, 0.14%, 2, 0, 2, 14.28
1619429683, 0, 0, 107, 107, 1, 0.14%, 2, 0, 2, 14.33
1619429698, 0, 0, 108, 108, 1, 0.14%, 2, 0, 2, 12.57
1619429719, 0, 0, 109, 109, 1, 0.14%, 2, 0, 2, 14.65
1619429724, 0, 0, 110, 110, 1, 0.14%, 2, 0, 2, 10.62
1619429729, 0, 0, 111, 111, 1, 0.14%, 2, 0, 2, 13.69
1619429734, 0, 0, 112, 112, 1, 0.14%, 2, 0, 2, 14.26
1619430074, 0, 0, 113, 113, 1, 0.14%, 2, 0, 2, 8.86
1619430079, 0, 0, 114, 114, 1, 0.14%, 2, 0, 2, 8.88
1619430084, 0, 0, 115, 115, 1, 0.14%, 2, 0, 2, 8.95
1619430089, 0, 0, 116, 116, 1, 0.14%, 2, 0, 2, 8.98
1619433295, 0, 0, 117, 117, 1, 0.14%, 2, 0, 2, 9.01
1619433346, 0, 0, 118, 118, 1, 0.14%, 2, 0, 2, 8.96
1619433413, 0, 0, 119, 119, 1, 0.14%, 2, 0, 2, 8.96
1619433434, 0, 0, 120, 120, 1, 0.14%, 2, 0, 2, 8.97
1619435297, 0, 0, 120, 120, 1, 0.14%, 3, 0, 2, 0.37
