# unix_time, cycles_done, cur_path, paths_total, pending_total, pending_favs, map_size, unique_crashes, unique_hangs, max_depth, execs_per_sec
1630579383, 0, 0, 1, 1, 1, 0.01%, 0, 0, 1, 0.70
1630579424, 0, 0, 2, 2, 1, 0.01%, 0, 0, 2, 4.61
1630579429, 0, 0, 3, 3, 1, 0.02%, 0, 0, 2, 3.96
1630579434, 0, 0, 5, 5, 1, 0.02%, 0, 0, 2, 3.90
1630579440, 0, 0, 6, 6, 1, 0.02%, 0, 0, 2, 4.27
1630579445, 0, 0, 7, 7, 1, 0.02%, 0, 0, 2, 4.16
1630579455, 0, 0, 8, 8, 1, 0.02%, 0, 0, 2, 4.30
1630579460, 0, 0, 9, 9, 1, 0.02%, 0, 0, 2, 4.66
1630579465, 0, 0, 11, 11, 1, 0.02%, 0, 0, 2, 4.84
1630579470, 0, 0, 12, 12, 1, 0.02%, 0, 0, 2, 6.15
1630579481, 0, 0, 13, 13, 1, 0.02%, 0, 0, 2, 9.15
1630579486, 0, 0, 14, 14, 1, 0.02%, 0, 0, 2, 9.49
1630579491, 0, 0, 15, 15, 1, 0.02%, 0, 0, 2, 9.94
1630579557, 0, 0, 16, 16, 1, 0.02%, 0, 0, 2, 10.60
1630579568, 0, 0, 17, 17, 1, 0.02%, 0, 0, 2, 10.89
1630579578, 0, 0, 18, 18, 1, 0.02%, 0, 0, 2, 10.60
1630579680, 0, 0, 21, 21, 1, 0.02%, 0, 0, 2, 11.08
1630579695, 0, 0, 23, 23, 1, 0.02%, 0, 0, 2, 12.00
1630579700, 0, 0, 24, 24, 1, 0.02%, 0, 0, 2, 11.74
1630579711, 0, 0, 25, 25, 1, 0.02%, 0, 0, 2, 10.86
1630579895, 0, 0, 27, 27, 1, 0.02%, 0, 0, 2, 11.26
1630579911, 0, 0, 28, 28, 1, 0.02%, 0, 0, 2, 11.90
1630579916, 0, 0, 29, 29, 1, 0.02%, 0, 0, 2, 10.53
1630579921, 0, 0, 32, 32, 1, 0.02%, 0, 0, 2, 10.00
1630579926, 0, 0, 33, 33, 1, 0.02%, 0, 0, 2, 10.83
1630580075, 0, 0, 34, 34, 1, 0.02%, 0, 0, 2, 10.56
1630580095, 0, 0, 35, 35, 1, 0.02%, 0, 0, 2, 10.54
1630580116, 0, 0, 36, 36, 1, 0.02%, 0, 0, 2, 10.68
1630580121, 0, 0, 37, 37, 1, 0.02%, 0, 0, 2, 11.00
1630580162, 0, 0, 38, 38, 1, 0.02%, 0, 0, 2, 10.34
1630580188, 0, 0, 40, 40, 1, 0.02%, 0, 0, 2, 10.62
1630580214, 0, 0, 42, 42, 1, 0.02%, 0, 0, 2, 12.79
1630580229, 0, 0, 43, 43, 1, 0.02%, 0, 0, 2, 10.83
1630580234, 0, 0, 45, 45, 1, 0.02%, 0, 0, 2, 9.93
1630580239, 0, 0, 46, 46, 1, 0.02%, 0, 0, 2, 9.83
1630580245, 0, 0, 48, 48, 1, 0.02%, 0, 0, 2, 9.94
1630580250, 0, 0, 49, 49, 1, 0.02%, 0, 0, 2, 10.38
1630580255, 0, 0, 51, 51, 1, 0.02%, 0, 0, 2, 11.45
1630580306, 0, 0, 52, 52, 1, 0.02%, 0, 0, 2, 9.42
1630580321, 0, 0, 53, 53, 1, 0.02%, 0, 0, 2, 10.51
1630580347, 0, 0, 54, 54, 1, 0.02%, 0, 0, 2, 10.22
1630580357, 0, 0, 55, 55, 1, 0.02%, 0, 0, 2, 10.69
1630580362, 0, 0, 56, 56, 1, 0.02%, 0, 0, 2, 10.37
1630580424, 0, 0, 57, 57, 1, 0.02%, 0, 0, 2, 10.46
1630580871, 0, 0, 58, 58, 1, 0.02%, 0, 0, 2, 10.68
1630580917, 0, 0, 59, 59, 1, 0.02%, 0, 0, 2, 10.85
1630580927, 0, 0, 60, 60, 1, 0.02%, 0, 0, 2, 10.77
1630581050, 0, 0, 61, 61, 1, 0.02%, 0, 0, 2, 10.84
1630581492, 0, 0, 62, 62, 1, 0.02%, 0, 0, 2, 11.20
1630581620, 0, 0, 63, 63, 1, 0.02%, 0, 0, 2, 11.59
1630581796, 0, 0, 64, 64, 1, 0.02%, 0, 0, 2, 11.94
1630581940, 0, 0, 65, 65, 1, 0.02%, 0, 0, 2, 12.41
1630582299, 0, 0, 66, 66, 1, 0.02%, 0, 0, 2, 11.30
1630582617, 0, 0, 67, 67, 1, 0.02%, 0, 0, 2, 12.23
1630582622, 0, 0, 69, 69, 1, 0.02%, 0, 0, 2, 11.42
1630582628, 0, 0, 70, 70, 1, 0.02%, 0, 0, 2, 12.25
1630582633, 0, 0, 71, 71, 1, 0.02%, 0, 0, 2, 11.96
1630583699, 0, 0, 72, 72, 1, 0.02%, 0, 0, 2, 10.50
1630583704, 0, 0, 73, 73, 1, 0.02%, 0, 0, 2, 10.40
1630583709, 0, 0, 75, 75, 1, 0.02%, 0, 0, 2, 10.42
1630583714, 0, 0, 77, 77, 1, 0.02%, 0, 0, 2, 10.39
1630583719, 0, 0, 78, 78, 1, 0.02%, 0, 0, 2, 10.68
1630583725, 0, 0, 79, 79, 1, 0.02%, 0, 0, 2, 10.40
1630583735, 0, 0, 80, 80, 1, 0.02%, 0, 0, 2, 10.30
1630583740, 0, 0, 82, 82, 1, 0.02%, 0, 0, 2, 10.61
1630583745, 0, 0, 83, 83, 1, 0.02%, 0, 0, 2, 10.69
1630583750, 0, 0, 84, 84, 1, 0.02%, 0, 0, 2, 11.82
1630583755, 0, 0, 86, 86, 1, 0.02%, 0, 0, 2, 12.02
1630583761, 0, 0, 87, 87, 1, 0.02%, 0, 0, 2, 11.25
1630583771, 0, 0, 88, 88, 1, 0.02%, 0, 0, 2, 11.15
1630583776, 0, 0, 89, 89, 1, 0.02%, 0, 0, 2, 11.36
1630583781, 0, 0, 90, 90, 1, 0.02%, 0, 0, 2, 10.58
1630583796, 0, 0, 91, 91, 1, 0.02%, 0, 0, 2, 10.35
1630583960, 0, 0, 92, 92, 1, 0.02%, 0, 0, 2, 11.44
1630583986, 0, 0, 93, 93, 1, 0.02%, 0, 0, 2, 11.73
1630584078, 0, 0, 95, 95, 1, 0.02%, 0, 0, 2, 11.51
1630584098, 0, 0, 96, 96, 1, 0.02%, 0, 0, 2, 11.49
1630584329, 0, 0, 97, 97, 1, 0.02%, 0, 0, 2, 11.55
1630584334, 0, 0, 98, 98, 1, 0.02%, 0, 0, 2, 11.50
1630584473, 0, 0, 99, 99, 1, 0.02%, 0, 0, 2, 11.63
1630586904, 0, 0, 100, 100, 1, 0.02%, 0, 0, 2, 12.11
1630586909, 0, 0, 101, 101, 1, 0.02%, 0, 0, 2, 12.05
1630586935, 0, 0, 102, 102, 1, 0.02%, 0, 0, 2, 12.02
1630586956, 0, 0, 103, 103, 1, 0.02%, 0, 0, 2, 11.51
1630587192, 0, 0, 104, 104, 1, 0.02%, 0, 0, 2, 10.88
1630587331, 0, 0, 105, 105, 1, 0.02%, 0, 0, 2, 11.20
1630587387, 0, 0, 106, 106, 1, 0.02%, 0, 0, 2, 11.14
1630588203, 0, 0, 107, 107, 1, 0.02%, 0, 0, 2, 10.63
1630588279, 0, 0, 108, 108, 1, 0.02%, 0, 0, 2, 17.46
1630588551, 0, 0, 109, 109, 1, 0.02%, 0, 0, 2, 10.36
1630588577, 0, 0, 110, 110, 1, 0.02%, 0, 0, 2, 9.75
1630588582, 0, 0, 112, 112, 1, 0.02%, 0, 0, 2, 9.87
1630588587, 0, 0, 113, 113, 1, 0.02%, 0, 0, 2, 9.56
1630588597, 0, 0, 115, 115, 1, 0.02%, 0, 0, 2, 9.75
1630588613, 0, 0, 116, 116, 1, 0.03%, 0, 0, 2, 9.23
1630588628, 0, 0, 117, 117, 1, 0.03%, 0, 0, 2, 9.71
1630588643, 0, 0, 118, 118, 1, 0.03%, 0, 0, 2, 9.60
1630588649, 0, 0, 119, 119, 1, 0.03%, 0, 0, 2, 9.52
1630588664, 0, 0, 120, 120, 1, 0.03%, 0, 0, 2, 10.46
1630588679, 0, 0, 122, 122, 1, 0.03%, 0, 0, 2, 9.81
1630588684, 0, 0, 123, 123, 1, 0.03%, 0, 0, 2, 9.79
1630588700, 0, 0, 124, 124, 1, 0.03%, 0, 0, 2, 9.79
1630588720, 0, 0, 125, 125, 1, 0.03%, 0, 0, 2, 9.89
1630588725, 0, 0, 126, 126, 1, 0.03%, 0, 0, 2, 10.82
1630588746, 0, 0, 127, 127, 1, 0.03%, 0, 0, 2, 10.77
1630588761, 0, 0, 128, 128, 1, 0.03%, 0, 0, 2, 10.24
1630588766, 0, 0, 129, 129, 1, 0.03%, 0, 0, 2, 10.81
1630588781, 0, 0, 130, 130, 1, 0.03%, 0, 0, 2, 10.87
1630588787, 0, 0, 131, 131, 1, 0.03%, 0, 0, 2, 10.69
1630588792, 0, 0, 132, 132, 1, 0.03%, 0, 0, 2, 10.69
1630588807, 0, 0, 133, 133, 1, 0.03%, 0, 0, 2, 10.92
1630588848, 0, 0, 134, 134, 1, 0.03%, 0, 0, 2, 9.79
1630617484, 0, 0, 135, 135, 1, 0.03%, 0, 0, 2, 11.08
1630617490, 0, 0, 139, 139, 1, 0.03%, 0, 0, 2, 11.64
1630617495, 0, 0, 140, 140, 1, 0.03%, 0, 0, 2, 11.66
1630617500, 0, 0, 143, 143, 1, 0.03%, 0, 0, 2, 11.36
1630617520, 0, 0, 144, 144, 1, 0.03%, 0, 0, 2, 11.83
1630617536, 0, 0, 145, 145, 1, 0.03%, 0, 0, 2, 10.81
1630617541, 0, 0, 146, 146, 1, 0.03%, 0, 0, 2, 11.74
1630617551, 0, 0, 147, 147, 1, 0.03%, 0, 0, 2, 11.94
1630617561, 0, 0, 148, 148, 1, 0.03%, 0, 0, 2, 11.43
1630617572, 0, 0, 149, 149, 1, 0.03%, 0, 0, 2, 11.24
1630617592, 0, 0, 150, 150, 1, 0.03%, 0, 0, 2, 11.69
1630617607, 0, 0, 151, 151, 1, 0.03%, 0, 0, 2, 11.77
1630617613, 0, 0, 152, 152, 1, 0.03%, 0, 0, 2, 11.75
1630617618, 0, 0, 153, 153, 1, 0.03%, 0, 0, 2, 11.24
1630617633, 0, 0, 154, 154, 1, 0.03%, 0, 0, 2, 12.05
1630617649, 0, 0, 155, 155, 1, 0.03%, 0, 0, 2, 11.91
1630617685, 0, 0, 156, 156, 1, 0.03%, 0, 0, 2, 11.03
1630617720, 0, 0, 157, 157, 1, 0.03%, 0, 0, 2, 11.43
1630617731, 0, 0, 158, 158, 1, 0.03%, 0, 0, 2, 12.06
1630617756, 0, 0, 159, 159, 1, 0.03%, 0, 0, 2, 11.24
1630617802, 0, 0, 160, 160, 1, 0.03%, 0, 0, 2, 11.76
1630617879, 0, 0, 161, 161, 1, 0.03%, 0, 0, 2, 12.75
1630617884, 0, 0, 163, 163, 1, 0.03%, 0, 0, 2, 13.13
1630617967, 0, 0, 164, 164, 1, 0.03%, 0, 0, 2, 12.22
1630617987, 0, 0, 165, 165, 1, 0.03%, 0, 0, 2, 12.49
1630617998, 0, 0, 166, 166, 1, 0.03%, 0, 0, 2, 12.27
1630618075, 0, 0, 167, 167, 1, 0.03%, 0, 0, 2, 12.51
1630618100, 0, 0, 168, 168, 1, 0.03%, 0, 0, 2, 11.74
1630618126, 0, 0, 169, 169, 1, 0.03%, 0, 0, 2, 11.70
1630618228, 0, 0, 170, 170, 1, 0.03%, 0, 0, 2, 12.19
1630618340, 0, 0, 171, 171, 1, 0.03%, 0, 0, 2, 11.51
1630618412, 0, 0, 172, 172, 1, 0.03%, 0, 0, 2, 11.54
1630618571, 0, 0, 173, 173, 1, 0.03%, 0, 0, 2, 11.46
1630618617, 0, 0, 174, 174, 1, 0.03%, 0, 0, 2, 13.23
1630618627, 0, 0, 175, 175, 1, 0.03%, 0, 0, 2, 13.23
1630618663, 0, 0, 176, 176, 1, 0.03%, 0, 0, 2, 12.78
1630618709, 0, 0, 177, 177, 1, 0.03%, 0, 0, 2, 12.28
1630618857, 0, 4, 177, 176, 46, 0.03%, 0, 0, 2, 14.59
1630620687, 0, 7, 177, 175, 45, 0.03%, 0, 0, 2, 17.42
1630622519, 0, 8, 177, 174, 44, 0.03%, 0, 0, 2, 17.97
1630622745, 0, 8, 178, 175, 44, 0.03%, 0, 0, 3, 10.38
1630622755, 0, 8, 179, 176, 44, 0.03%, 0, 0, 3, 11.70
1630623195, 0, 8, 180, 177, 44, 0.03%, 0, 0, 3, 12.17
1630624343, 0, 21, 180, 176, 43, 0.03%, 0, 0, 3, 14.73
1630624409, 0, 21, 181, 177, 43, 0.03%, 0, 0, 3, 10.17
1630624532, 0, 21, 183, 179, 43, 0.03%, 0, 0, 3, 10.64
1630625107, 0, 21, 184, 180, 43, 0.03%, 0, 0, 3, 9.94
1630625142, 0, 21, 185, 181, 43, 0.03%, 0, 0, 3, 9.88
1630626386, 0, 29, 185, 180, 43, 0.03%, 0, 0, 3, 15.67
1630628419, 0, 31, 185, 179, 42, 0.03%, 0, 0, 3, 17.37
1630628424, 0, 31, 185, 179, 42, 0.03%, 2, 0, 3, 12.56
1630628445, 0, 31, 185, 179, 42, 0.03%, 3, 0, 3, 12.01
1630628475, 0, 31, 185, 179, 42, 0.03%, 6, 0, 3, 12.17
1630628650, 0, 31, 185, 179, 42, 0.03%, 7, 0, 3, 11.09
1630630324, 0, 33, 185, 178, 41, 0.03%, 7, 0, 3, 17.53
1630664883, 0, 33, 186, 179, 41, 0.03%, 7, 0, 3, 12.44
1630664924, 0, 36, 186, 178, 40, 0.03%, 7, 0, 3, 12.34
1630666448, 0, 36, 187, 179, 40, 0.03%, 7, 0, 3, 11.94
1630666484, 0, 36, 188, 180, 40, 0.03%, 7, 0, 3, 10.44
