# unix_time, cycles_done, cur_path, paths_total, pending_total, pending_favs, map_size, unique_crashes, unique_hangs, max_depth, execs_per_sec
1619513322, 0, 0, 1, 1, 1, 0.30%, 0, 0, 1, 408.16
1619513327, 0, 0, 19, 19, 1, 0.59%, 0, 0, 2, 433.69
1619513332, 0, 0, 26, 26, 1, 0.61%, 0, 0, 2, 438.68
1619513337, 0, 0, 36, 36, 1, 0.63%, 0, 0, 2, 440.13
1619513343, 0, 0, 54, 54, 1, 0.69%, 0, 0, 2, 446.69
1619513348, 0, 0, 57, 57, 1, 0.69%, 0, 0, 2, 438.04
1619513358, 0, 0, 60, 60, 1, 0.69%, 0, 0, 2, 436.93
1619513363, 0, 0, 61, 61, 1, 0.69%, 0, 0, 2, 441.16
1619513368, 0, 0, 62, 62, 1, 0.69%, 0, 0, 2, 436.27
1619513373, 0, 0, 63, 63, 1, 0.69%, 0, 0, 2, 436.42
1619513378, 0, 0, 65, 65, 1, 0.69%, 0, 0, 2, 439.58
1619513383, 0, 0, 66, 66, 1, 0.70%, 0, 0, 2, 450.18
1619513404, 0, 0, 71, 71, 1, 0.70%, 0, 0, 2, 440.52
1619513429, 0, 0, 89, 89, 1, 0.71%, 0, 0, 2, 476.68
1619513434, 0, 0, 90, 90, 1, 0.71%, 0, 0, 2, 427.58
1619513440, 0, 0, 96, 96, 1, 0.71%, 0, 0, 2, 435.12
1619513445, 0, 0, 97, 97, 1, 0.71%, 0, 0, 2, 434.96
1619513496, 0, 0, 99, 99, 1, 0.71%, 0, 0, 2, 437.01
1619513501, 0, 0, 100, 100, 1, 0.73%, 0, 0, 2, 440.32
1619513516, 0, 0, 101, 101, 1, 0.73%, 0, 0, 2, 437.33
1619513521, 0, 0, 103, 103, 1, 0.73%, 0, 0, 2, 439.64
1619513526, 0, 0, 105, 105, 1, 0.73%, 0, 0, 2, 439.18
1619513547, 0, 0, 106, 106, 1, 0.73%, 0, 0, 2, 695.79
1619513552, 0, 0, 111, 111, 1, 0.79%, 0, 0, 2, 564.55
1619513557, 0, 0, 133, 133, 1, 0.86%, 0, 0, 2, 456.42
1619513587, 0, 0, 134, 134, 1, 0.87%, 0, 0, 2, 428.05
1619514285, 0, 0, 152, 152, 1, 0.87%, 0, 0, 2, 470.57
1619514290, 0, 0, 161, 161, 1, 0.87%, 0, 0, 2, 499.78
1619514295, 0, 0, 173, 173, 1, 0.89%, 0, 0, 2, 507.96
1619514300, 0, 0, 174, 174, 1, 0.89%, 0, 0, 2, 509.93
1619514305, 0, 0, 177, 177, 1, 0.89%, 0, 0, 2, 509.30
1619514311, 0, 0, 180, 180, 1, 0.89%, 0, 0, 2, 499.82
1619514316, 0, 0, 182, 182, 1, 0.89%, 0, 0, 2, 497.67
1619514321, 0, 0, 185, 185, 1, 0.89%, 0, 0, 2, 494.48
1619514326, 0, 0, 186, 186, 1, 0.89%, 0, 0, 2, 497.49
1619514331, 0, 0, 187, 187, 1, 0.89%, 0, 0, 2, 498.56
1619514336, 0, 0, 188, 188, 1, 0.89%, 0, 0, 2, 498.47
1619514341, 0, 0, 189, 189, 1, 0.89%, 0, 0, 2, 502.47
1619514346, 0, 0, 191, 191, 1, 0.89%, 0, 0, 2, 497.01
1619514351, 0, 4, 192, 191, 41, 0.89%, 0, 0, 2, 501.84
1619514402, 0, 7, 193, 191, 41, 0.89%, 0, 0, 3, 585.22
1619514452, 0, 8, 194, 191, 41, 0.89%, 0, 0, 3, 570.73
1619514468, 0, 8, 196, 193, 41, 0.90%, 0, 0, 3, 478.54
1619514503, 0, 9, 196, 192, 42, 0.90%, 0, 0, 3, 528.09
1619514508, 0, 9, 197, 193, 42, 0.90%, 0, 0, 3, 855.19
1619514549, 0, 14, 197, 192, 41, 0.90%, 0, 0, 3, 547.62
1619514686, 0, 14, 198, 193, 41, 0.90%, 0, 0, 3, 437.25
1619515415, 0, 22, 199, 193, 41, 0.91%, 0, 0, 3, 480.35
1619515420, 0, 22, 201, 195, 41, 0.91%, 0, 0, 3, 575.68
1619515430, 0, 22, 202, 196, 41, 0.91%, 0, 0, 3, 460.67
1619515466, 0, 35, 202, 195, 41, 0.91%, 0, 0, 3, 535.52
1619515471, 0, 35, 203, 196, 41, 0.91%, 0, 0, 3, 453.64
1619516333, 0, 44, 204, 196, 41, 0.91%, 0, 0, 3, 489.01
1619516383, 0, 45, 204, 195, 41, 0.91%, 0, 0, 3, 524.75
1619516399, 0, 45, 206, 197, 41, 0.91%, 0, 0, 3, 453.39
1619516434, 0, 50, 208, 198, 40, 0.91%, 1, 0, 3, 621.53
1619516439, 0, 50, 210, 200, 40, 0.91%, 1, 0, 3, 589.72
1619516449, 0, 50, 212, 202, 40, 0.92%, 1, 0, 3, 514.53
1619516454, 0, 50, 214, 204, 40, 0.92%, 1, 0, 3, 483.03
1619516479, 0, 50, 216, 206, 40, 0.92%, 1, 0, 3, 696.61
1619516484, 0, 53, 216, 205, 40, 0.92%, 1, 0, 3, 582.22
1619516505, 0, 53, 217, 206, 40, 0.92%, 1, 0, 3, 443.45
1619516687, 0, 53, 221, 210, 40, 0.94%, 1, 0, 3, 427.59
1619517351, 0, 59, 221, 209, 43, 0.94%, 1, 0, 3, 467.41
1619517377, 0, 59, 222, 210, 43, 0.94%, 1, 0, 3, 439.52
1619518214, 0, 60, 222, 209, 42, 0.94%, 1, 0, 3, 463.73
1619518285, 0, 60, 223, 210, 42, 0.94%, 1, 0, 3, 460.59
1619518632, 0, 64, 223, 209, 41, 0.94%, 1, 0, 3, 538.85
1619518667, 0, 65, 223, 208, 40, 0.94%, 1, 0, 3, 576.20
1619518698, 0, 71, 223, 207, 39, 0.94%, 1, 0, 3, 566.42
1619518713, 0, 71, 224, 208, 39, 0.95%, 1, 0, 3, 466.16
1619518820, 0, 73, 224, 207, 39, 0.95%, 1, 0, 3, 486.97
1619518846, 0, 73, 225, 208, 39, 0.95%, 1, 0, 3, 526.26
1619518937, 0, 79, 225, 207, 39, 0.95%, 1, 0, 3, 546.91
1619518952, 0, 79, 226, 208, 39, 0.95%, 1, 0, 3, 504.47
1619518988, 0, 80, 226, 207, 38, 0.95%, 1, 0, 3, 556.50
1619519033, 0, 83, 227, 207, 37, 0.95%, 1, 0, 3, 524.03
1619519054, 0, 83, 228, 208, 37, 0.95%, 1, 0, 3, 474.40
1619519089, 0, 83, 229, 209, 37, 0.95%, 1, 0, 3, 423.21
1619519206, 0, 89, 229, 208, 36, 0.95%, 1, 0, 3, 485.00
1619519288, 0, 89, 230, 209, 36, 0.95%, 1, 0, 3, 435.70
1619520063, 0, 92, 231, 209, 36, 0.95%, 1, 0, 3, 468.93
1619520083, 0, 92, 232, 210, 36, 0.95%, 1, 0, 3, 438.37
1619520190, 0, 92, 233, 211, 36, 0.95%, 1, 0, 3, 433.61
1619520920, 0, 110, 235, 212, 35, 0.95%, 1, 0, 3, 481.31
1619520925, 0, 110, 236, 213, 35, 0.95%, 1, 0, 3, 483.84
1619520930, 0, 110, 237, 214, 35, 0.95%, 1, 0, 3, 516.81
1619520940, 0, 110, 238, 215, 35, 0.95%, 1, 0, 3, 497.61
1619520966, 0, 110, 244, 221, 35, 1.01%, 1, 0, 3, 407.44
1619520971, 0, 110, 245, 222, 35, 1.02%, 1, 0, 3, 413.61
1619521012, 0, 129, 245, 221, 37, 1.02%, 1, 0, 3, 482.98
1619521017, 0, 129, 246, 222, 37, 1.02%, 1, 0, 3, 428.93
1619521032, 0, 129, 248, 224, 37, 1.03%, 1, 0, 3, 424.31
1619521037, 0, 129, 249, 225, 37, 1.03%, 1, 0, 3, 412.98
1619521042, 0, 129, 250, 226, 37, 1.03%, 1, 0, 3, 413.40
1619521098, 0, 129, 251, 227, 37, 1.03%, 1, 0, 3, 446.34
1619521229, 0, 129, 252, 228, 37, 1.03%, 1, 0, 3, 422.56
1619521984, 0, 129, 254, 230, 37, 1.03%, 1, 0, 3, 461.31
1619521989, 0, 129, 255, 231, 37, 1.03%, 1, 0, 3, 491.48
1619522004, 0, 129, 257, 233, 37, 1.03%, 1, 0, 3, 489.43
1619522009, 0, 129, 258, 234, 37, 1.03%, 1, 0, 3, 491.95
1619522020, 0, 130, 259, 234, 37, 1.03%, 1, 0, 3, 462.79
1619523000, 0, 131, 259, 233, 36, 1.03%, 1, 0, 3, 419.93
1619523185, 0, 131, 260, 234, 36, 1.16%, 1, 0, 3, 477.54
1619523991, 0, 133, 260, 233, 36, 1.16%, 1, 0, 3, 441.01
1619524104, 0, 133, 261, 234, 36, 1.16%, 1, 0, 3, 429.84
1619524120, 0, 133, 262, 235, 36, 1.16%, 1, 0, 3, 433.24
1619524903, 0, 133, 263, 236, 36, 1.16%, 1, 0, 3, 470.70
1619524908, 0, 143, 263, 235, 36, 1.16%, 1, 0, 3, 444.34
1619525855, 0, 143, 264, 236, 36, 1.16%, 1, 0, 3, 448.17
1619525861, 0, 150, 264, 235, 36, 1.16%, 1, 0, 3, 455.08
1619526379, 0, 153, 264, 234, 35, 1.16%, 1, 0, 3, 516.08
1619526472, 0, 156, 264, 233, 34, 1.16%, 1, 0, 3, 520.12
1619526635, 0, 163, 264, 232, 32, 1.16%, 1, 0, 3, 495.95
1619526666, 0, 163, 265, 233, 32, 1.16%, 1, 0, 3, 456.70
1619526717, 0, 163, 266, 234, 32, 1.16%, 1, 0, 3, 453.34
1619527117, 0, 167, 266, 233, 32, 1.16%, 1, 0, 3, 495.33
1619527122, 0, 167, 266, 233, 32, 1.16%, 2, 0, 3, 577.95
1619527162, 0, 168, 266, 232, 31, 1.16%, 2, 0, 3, 581.68
1619527213, 0, 171, 272, 237, 31, 1.17%, 2, 0, 3, 489.05
1619527224, 0, 171, 273, 238, 31, 1.17%, 2, 0, 3, 431.64
1619527259, 0, 171, 274, 239, 31, 1.17%, 2, 0, 3, 467.14
1619527401, 0, 174, 276, 240, 31, 1.17%, 3, 0, 3, 532.09
1619527507, 0, 174, 278, 242, 31, 1.17%, 3, 0, 3, 626.92
1619527512, 0, 189, 279, 242, 32, 1.17%, 3, 0, 3, 607.83
1619527518, 0, 189, 280, 243, 32, 1.17%, 3, 0, 3, 482.18
1619527523, 0, 189, 281, 244, 32, 1.17%, 3, 0, 3, 461.15
1619527583, 0, 189, 283, 246, 32, 1.17%, 3, 0, 3, 452.11
1619528023, 0, 189, 284, 247, 32, 1.17%, 3, 0, 3, 517.09
1619528028, 0, 192, 284, 246, 32, 1.17%, 3, 0, 3, 502.33
1619528074, 0, 193, 284, 245, 31, 1.17%, 3, 0, 3, 573.30
1619528115, 0, 193, 285, 246, 31, 1.17%, 3, 0, 4, 478.13
1619528120, 0, 194, 285, 245, 30, 1.17%, 3, 0, 4, 630.89
1619528166, 0, 194, 286, 246, 30, 1.18%, 3, 0, 4, 416.09
1619528202, 0, 197, 286, 245, 29, 1.18%, 3, 0, 4, 475.74
1619528207, 0, 197, 287, 246, 29, 1.19%, 3, 0, 4, 441.27
1619529076, 0, 197, 288, 247, 29, 1.19%, 3, 0, 4, 480.09
1619529081, 0, 198, 288, 246, 29, 1.19%, 3, 0, 4, 498.26
1619529133, 0, 200, 288, 245, 28, 1.19%, 3, 0, 4, 655.77
1619529163, 0, 203, 289, 245, 27, 1.19%, 3, 0, 4, 583.91
1619529215, 0, 203, 291, 247, 27, 1.19%, 3, 0, 4, 782.72
1619529220, 0, 205, 292, 247, 26, 1.19%, 3, 0, 4, 725.03
1619529245, 0, 205, 293, 248, 26, 1.19%, 3, 0, 4, 451.67
1619529271, 0, 205, 294, 249, 26, 1.19%, 3, 0, 4, 404.81
1619529317, 0, 206, 294, 248, 25, 1.19%, 3, 0, 4, 526.51
1619529425, 0, 213, 294, 247, 24, 1.19%, 3, 0, 4, 542.86
1619529471, 0, 213, 295, 248, 24, 1.19%, 3, 0, 4, 437.36
1619529502, 0, 216, 295, 247, 23, 1.19%, 3, 0, 4, 480.89
1619529522, 0, 216, 296, 248, 23, 1.19%, 3, 0, 4, 433.74
1619529748, 0, 216, 297, 249, 23, 1.19%, 3, 0, 4, 429.27
1619530371, 0, 217, 298, 249, 22, 1.19%, 3, 0, 4, 465.49
1619530376, 0, 217, 299, 250, 22, 1.19%, 3, 0, 4, 439.63
1619531269, 0, 219, 300, 250, 22, 1.19%, 3, 0, 4, 472.78
1619532191, 0, 219, 301, 251, 22, 1.19%, 3, 0, 4, 475.36
1619532197, 0, 220, 301, 250, 22, 1.19%, 3, 0, 4, 439.78
1619533139, 0, 223, 302, 250, 22, 1.19%, 3, 0, 4, 473.38
1619533255, 0, 229, 302, 249, 21, 1.19%, 3, 0, 4, 547.74
1619533363, 0, 229, 303, 250, 21, 1.19%, 3, 0, 4, 430.17
1619534128, 0, 236, 303, 249, 20, 1.19%, 3, 0, 4, 465.06
1619534204, 0, 238, 303, 248, 19, 1.19%, 3, 0, 4, 486.87
1619534310, 0, 239, 303, 247, 18, 1.19%, 3, 0, 4, 495.33
1619534417, 0, 244, 304, 247, 17, 1.20%, 3, 0, 4, 473.23
1619534478, 0, 244, 305, 248, 17, 1.20%, 3, 0, 4, 405.70
1619534519, 0, 244, 307, 250, 17, 1.20%, 3, 0, 4, 400.89
1619534524, 0, 244, 309, 252, 17, 1.22%, 3, 0, 4, 405.03
1619534564, 0, 247, 309, 251, 18, 1.22%, 3, 0, 4, 528.10
1619534650, 0, 256, 309, 250, 17, 1.22%, 3, 0, 4, 460.15
1619535639, 0, 259, 309, 249, 17, 1.22%, 3, 0, 4, 398.44
1619535674, 0, 259, 310, 250, 17, 1.24%, 3, 0, 4, 333.43
1619535786, 0, 259, 311, 251, 17, 1.24%, 3, 0, 4, 407.80
1619535971, 0, 259, 312, 252, 17, 1.24%, 3, 0, 4, 401.50
1619537280, 0, 260, 312, 251, 17, 1.24%, 3, 0, 4, 344.06
1619537366, 0, 260, 313, 252, 17, 1.24%, 3, 0, 4, 424.73
1619538204, 0, 263, 313, 251, 16, 1.24%, 3, 0, 4, 439.22
1619538229, 0, 263, 314, 252, 16, 1.24%, 3, 0, 4, 431.70
1619539157, 0, 263, 316, 254, 16, 1.24%, 3, 0, 4, 464.73
1619539162, 0, 263, 317, 255, 16, 1.24%, 3, 0, 4, 487.04
1619539167, 0, 263, 319, 257, 16, 1.24%, 3, 0, 4, 492.86
1619539213, 0, 263, 320, 258, 16, 1.24%, 3, 0, 4, 490.68
1619539224, 0, 264, 320, 257, 16, 1.24%, 3, 0, 4, 470.25
1619539254, 0, 264, 321, 258, 16, 1.24%, 3, 0, 4, 445.47
1619539710, 0, 265, 328, 264, 15, 1.25%, 3, 0, 4, 459.39
1619540060, 0, 265, 329, 265, 15, 1.25%, 3, 0, 4, 447.37
1619540065, 0, 265, 330, 266, 15, 1.25%, 3, 0, 4, 443.15
1619540207, 0, 267, 330, 265, 18, 1.25%, 3, 0, 4, 485.91
1619540333, 0, 268, 330, 264, 17, 1.25%, 3, 0, 4, 470.32
1619540521, 0, 274, 331, 264, 16, 1.25%, 4, 0, 4, 537.39
1619540551, 0, 274, 332, 265, 16, 1.25%, 4, 0, 4, 470.03
1619540561, 0, 274, 333, 266, 16, 1.25%, 4, 0, 4, 460.66
1619540628, 0, 274, 334, 267, 16, 1.25%, 4, 0, 4, 581.42
1619540633, 0, 278, 334, 266, 15, 1.25%, 4, 0, 4, 509.30
1619541144, 0, 285, 335, 266, 14, 1.25%, 4, 0, 4, 485.93
1619541154, 0, 285, 336, 267, 14, 1.25%, 4, 0, 5, 424.86
1619541159, 0, 285, 337, 268, 14, 1.25%, 4, 0, 5, 516.10
1619541251, 0, 285, 338, 269, 14, 1.25%, 4, 0, 5, 402.38
1619541261, 0, 285, 339, 270, 14, 1.25%, 4, 0, 5, 380.81
1619541302, 0, 286, 339, 269, 16, 1.25%, 4, 0, 5, 478.51
1619542259, 0, 299, 339, 268, 15, 1.25%, 4, 0, 5, 415.23
1619543264, 0, 299, 340, 269, 15, 1.25%, 4, 0, 5, 456.59
1619543269, 0, 300, 340, 268, 14, 1.25%, 4, 0, 5, 459.98
1619544271, 0, 300, 341, 269, 14, 1.25%, 4, 0, 5, 450.82
1619544281, 0, 301, 341, 268, 14, 1.25%, 4, 0, 5, 446.74
1619545293, 0, 301, 342, 269, 14, 1.25%, 4, 0, 5, 454.46
1619545309, 0, 307, 343, 269, 13, 1.25%, 4, 0, 5, 451.29
1619545314, 0, 307, 344, 270, 13, 1.26%, 4, 0, 5, 415.46
1619545427, 0, 307, 345, 271, 13, 1.26%, 4, 0, 5, 398.21
1619545494, 0, 307, 346, 272, 13, 1.26%, 4, 0, 5, 653.13
1619545499, 0, 308, 346, 271, 13, 1.26%, 4, 0, 5, 519.25
1619545504, 0, 308, 347, 272, 13, 1.27%, 4, 0, 5, 434.92
1619545694, 0, 309, 347, 271, 13, 1.27%, 4, 0, 5, 562.53
1619545700, 0, 309, 351, 275, 13, 1.28%, 4, 0, 5, 468.61
1619545705, 0, 309, 352, 276, 13, 1.29%, 4, 0, 5, 396.40
1619545864, 0, 316, 352, 275, 17, 1.29%, 4, 0, 5, 492.38
1619546810, 0, 316, 355, 278, 17, 1.29%, 4, 0, 5, 472.24
1619546820, 0, 316, 356, 279, 17, 1.29%, 4, 0, 5, 500.52
1619546876, 0, 321, 356, 278, 16, 1.29%, 4, 0, 5, 463.32
1619547359, 0, 321, 357, 279, 16, 1.29%, 4, 0, 5, 535.08
1619547364, 0, 322, 358, 279, 16, 1.29%, 4, 0, 5, 495.63
1619547369, 0, 322, 359, 280, 16, 1.29%, 4, 0, 5, 458.25
1619547385, 0, 322, 360, 281, 16, 1.29%, 4, 0, 5, 453.86
1619547395, 0, 322, 361, 282, 16, 1.29%, 4, 0, 5, 454.85
1619547456, 0, 322, 363, 284, 16, 1.29%, 4, 0, 5, 445.54
1619547720, 0, 322, 364, 285, 16, 1.29%, 4, 0, 5, 442.22
1619547725, 0, 322, 365, 286, 16, 1.29%, 4, 0, 5, 442.44
1619547866, 0, 322, 366, 287, 16, 1.29%, 4, 0, 5, 525.73
1619547871, 0, 324, 366, 286, 18, 1.29%, 4, 0, 5, 480.15
1619548364, 0, 328, 367, 286, 17, 1.30%, 4, 0, 5, 479.04
1619548862, 0, 328, 368, 287, 17, 1.30%, 4, 0, 5, 497.90
1619548872, 0, 330, 369, 287, 18, 1.30%, 4, 0, 5, 524.88
1619548980, 0, 330, 372, 290, 18, 1.30%, 4, 0, 5, 693.59
1619548985, 0, 330, 373, 291, 18, 1.30%, 4, 0, 5, 743.38
1619548990, 0, 330, 374, 292, 18, 1.30%, 4, 0, 5, 757.11
1619548995, 0, 330, 375, 293, 18, 1.30%, 4, 0, 5, 761.16
1619549001, 0, 330, 377, 295, 18, 1.30%, 4, 0, 5, 762.65
1619549006, 0, 330, 377, 295, 18, 1.30%, 5, 0, 5, 758.74
1619549016, 0, 330, 377, 295, 18, 1.30%, 6, 0, 5, 766.14
1619549021, 0, 335, 377, 294, 18, 1.30%, 6, 0, 5, 581.53
1619549165, 0, 335, 378, 295, 18, 1.30%, 6, 0, 6, 622.05
1619549170, 0, 340, 378, 294, 17, 1.30%, 6, 0, 6, 521.64
1619550247, 0, 340, 379, 295, 17, 1.30%, 6, 0, 6, 467.67
1619550252, 0, 343, 379, 294, 17, 1.30%, 6, 0, 6, 467.96
1619550448, 0, 346, 379, 293, 16, 1.30%, 6, 0, 6, 461.49
1619550638, 0, 347, 379, 292, 15, 1.30%, 6, 0, 6, 479.44
1619550807, 0, 348, 379, 291, 14, 1.30%, 6, 0, 6, 494.35
1619550812, 0, 348, 381, 293, 14, 1.30%, 6, 0, 6, 375.94
1619550934, 0, 348, 382, 294, 14, 1.30%, 6, 0, 6, 276.27
1619550970, 0, 349, 382, 293, 15, 1.30%, 6, 0, 6, 571.62
1619551138, 0, 350, 382, 292, 14, 1.30%, 6, 0, 6, 575.40
1619551305, 0, 351, 382, 291, 13, 1.30%, 6, 0, 6, 558.26
1619551473, 0, 356, 382, 290, 12, 1.30%, 6, 0, 6, 543.91
1619551965, 0, 356, 383, 291, 12, 1.30%, 6, 0, 6, 509.59
1619551970, 0, 358, 383, 290, 11, 1.30%, 6, 0, 6, 520.15
1619551990, 0, 358, 384, 291, 11, 1.30%, 6, 0, 6, 450.81
1619552031, 0, 358, 385, 292, 11, 1.30%, 6, 0, 6, 440.57
1619552335, 0, 358, 386, 293, 11, 1.30%, 6, 0, 6, 444.65
1619552477, 0, 358, 387, 294, 11, 1.30%, 6, 0, 6, 545.65
1619552487, 0, 358, 388, 295, 11, 1.30%, 6, 0, 6, 543.52
1619552492, 0, 358, 390, 297, 11, 1.30%, 6, 0, 6, 541.93
1619552517, 0, 358, 391, 298, 11, 1.30%, 7, 0, 6, 550.08
1619552532, 0, 362, 391, 297, 12, 1.30%, 7, 0, 6, 478.00
1619552537, 0, 362, 392, 298, 12, 1.30%, 7, 0, 6, 480.87
1619552618, 0, 362, 393, 299, 12, 1.30%, 7, 0, 6, 448.20
1619553013, 0, 363, 393, 298, 12, 1.30%, 7, 0, 6, 482.86
1619553510, 0, 363, 394, 299, 12, 1.30%, 7, 0, 6, 522.37
1619553515, 0, 366, 394, 298, 11, 1.30%, 7, 0, 6, 509.81
1619553996, 0, 366, 395, 299, 11, 1.30%, 7, 0, 6, 513.82
1619554001, 0, 367, 395, 298, 10, 1.30%, 7, 0, 6, 519.62
1619554016, 0, 367, 396, 299, 10, 1.30%, 7, 0, 6, 449.17
1619554509, 0, 367, 397, 300, 10, 1.30%, 7, 0, 6, 516.20
1619554524, 0, 375, 397, 299, 9, 1.30%, 7, 0, 6, 501.34
1619554651, 0, 375, 398, 300, 9, 1.30%, 7, 0, 6, 591.78
1619554656, 0, 375, 399, 301, 9, 1.30%, 7, 0, 6, 689.22
1619554661, 0, 378, 399, 300, 10, 1.30%, 7, 0, 6, 632.04
1619555696, 0, 378, 400, 301, 10, 1.30%, 7, 0, 7, 471.87
1619555701, 0, 380, 400, 300, 9, 1.30%, 7, 0, 7, 459.02
1619555711, 0, 380, 402, 302, 9, 1.30%, 7, 0, 7, 403.02
1619555868, 0, 381, 402, 301, 8, 1.30%, 7, 0, 7, 612.00
1619555879, 0, 381, 403, 302, 8, 1.30%, 7, 0, 7, 391.53
1619556036, 0, 381, 404, 303, 8, 1.30%, 7, 0, 7, 600.13
1619556041, 0, 383, 404, 302, 7, 1.30%, 7, 0, 7, 548.78
1619556532, 0, 383, 405, 303, 7, 1.30%, 7, 0, 7, 517.48
1619556537, 0, 385, 405, 302, 7, 1.30%, 7, 0, 7, 525.07
1619557034, 0, 385, 406, 303, 7, 1.30%, 7, 0, 7, 508.26
1619557039, 0, 391, 406, 302, 6, 1.30%, 7, 0, 7, 534.74
1619557060, 0, 391, 407, 303, 6, 1.30%, 7, 0, 7, 450.21
1619557521, 0, 391, 408, 304, 6, 1.30%, 7, 0, 7, 544.53
1619557532, 0, 397, 408, 303, 5, 1.30%, 7, 0, 7, 510.30
1619557719, 0, 404, 408, 302, 4, 1.30%, 7, 0, 7, 574.42
1619558155, 0, 404, 409, 303, 4, 1.30%, 7, 0, 8, 534.93
1619558160, 0, 408, 410, 303, 4, 1.30%, 7, 0, 9, 500.06
1619558596, 0, 408, 411, 304, 4, 1.30%, 7, 0, 9, 547.14
1619558601, 0, 410, 411, 303, 4, 1.30%, 7, 0, 9, 531.66
1619559108, 1, 146, 411, 302, 3, 1.30%, 7, 0, 9, 499.64
1619559589, 1, 240, 411, 301, 3, 1.30%, 7, 0, 9, 502.42
1619559741, 1, 303, 411, 300, 2, 1.30%, 7, 0, 9, 507.82
1619559868, 1, 305, 411, 299, 1, 1.30%, 7, 0, 9, 581.30
1619560036, 1, 332, 411, 298, 1, 1.30%, 7, 0, 9, 545.43
1619560178, 1, 332, 412, 299, 1, 1.30%, 7, 0, 9, 568.44
1619560183, 1, 332, 413, 300, 1, 1.30%, 7, 0, 9, 712.54
1619560188, 1, 332, 414, 301, 1, 1.30%, 7, 0, 9, 745.49
1619560198, 1, 332, 415, 302, 1, 1.30%, 7, 0, 9, 746.58
1619560208, 1, 332, 416, 303, 1, 1.30%, 7, 0, 9, 756.20
1619560213, 1, 332, 417, 304, 1, 1.30%, 7, 0, 9, 751.58
1619560224, 1, 333, 418, 304, 0, 1.30%, 7, 0, 9, 591.31
1619560381, 1, 338, 418, 303, 0, 1.30%, 7, 0, 9, 629.01
1619560777, 1, 338, 419, 304, 0, 1.30%, 7, 0, 9, 469.99
1619560783, 1, 342, 419, 303, 0, 1.30%, 7, 0, 9, 564.00
1619560970, 1, 345, 419, 302, 0, 1.30%, 7, 0, 9, 568.72
1619561087, 1, 345, 421, 304, 0, 1.30%, 7, 0, 9, 686.91
1619561092, 1, 345, 422, 305, 0, 1.30%, 7, 0, 9, 767.61
1619561107, 1, 350, 422, 304, 0, 1.30%, 7, 0, 9, 762.38
1619561112, 1, 360, 423, 305, 0, 1.30%, 7, 0, 9, 611.46
1619561614, 1, 363, 424, 305, 0, 1.30%, 7, 0, 9, 572.23
1619561619, 1, 365, 424, 305, 0, 1.30%, 7, 0, 9, 474.86
1619561958, 1, 365, 426, 307, 0, 1.30%, 7, 0, 9, 515.58
1619561973, 1, 367, 427, 307, 0, 1.30%, 7, 0, 9, 602.76
1619561978, 1, 368, 427, 307, 0, 1.30%, 7, 0, 9, 538.08
1619562085, 1, 369, 427, 306, 0, 1.30%, 7, 0, 9, 601.32
1619562278, 1, 370, 427, 305, 0, 1.30%, 7, 0, 9, 529.92
1619562451, 1, 370, 429, 307, 0, 1.30%, 7, 0, 9, 645.03
1619562461, 1, 371, 429, 306, 0, 1.30%, 7, 0, 9, 633.51
1619562608, 1, 371, 430, 307, 0, 1.30%, 7, 0, 9, 714.37
1619562618, 1, 372, 430, 306, 0, 1.30%, 7, 0, 9, 562.88
1619562766, 1, 372, 431, 307, 0, 1.30%, 7, 0, 9, 663.38
1619562776, 1, 377, 431, 306, 0, 1.30%, 7, 0, 9, 583.87
1619562993, 1, 379, 431, 305, 0, 1.30%, 7, 0, 9, 506.75
1619563161, 1, 379, 432, 306, 0, 1.30%, 7, 0, 9, 684.21
1619563166, 1, 386, 432, 305, 0, 1.30%, 7, 0, 9, 575.33
1619563222, 1, 386, 433, 306, 0, 1.30%, 7, 0, 9, 434.27
1619563666, 1, 386, 434, 307, 0, 1.30%, 7, 0, 9, 443.79
1619563671, 1, 386, 435, 308, 0, 1.30%, 7, 0, 9, 557.22
1619563681, 1, 391, 435, 307, 0, 1.30%, 7, 0, 9, 575.76
1619563686, 1, 409, 436, 308, 0, 1.30%, 7, 0, 9, 569.91
1619564122, 1, 409, 438, 310, 0, 1.30%, 7, 0, 10, 559.79
1619564138, 1, 409, 440, 312, 0, 1.30%, 7, 0, 10, 603.79
1619564143, 1, 409, 441, 313, 0, 1.30%, 7, 0, 10, 606.06
1619564148, 1, 409, 442, 314, 0, 1.30%, 7, 0, 10, 607.87
1619564163, 1, 441, 445, 316, 1, 1.30%, 7, 0, 11, 494.81
1619564179, 1, 441, 446, 317, 1, 1.30%, 7, 0, 11, 449.41
1619564584, 1, 441, 447, 318, 1, 1.30%, 7, 0, 11, 467.50
1619564604, 1, 442, 447, 317, 1, 1.30%, 7, 0, 11, 589.97
1619565010, 1, 442, 448, 318, 1, 1.30%, 7, 0, 12, 569.92
1619565015, 1, 442, 449, 319, 1, 1.30%, 7, 0, 12, 609.62
1619565050, 1, 444, 449, 318, 0, 1.30%, 7, 0, 12, 486.79
1619565466, 1, 446, 449, 317, 0, 1.30%, 7, 0, 12, 532.34
1619566327, 2, 1, 449, 316, 0, 1.30%, 7, 0, 12, 529.02
1619566363, 2, 2, 449, 315, 0, 1.30%, 7, 0, 12, 570.44
1619566414, 2, 13, 449, 314, 0, 1.30%, 7, 0, 12, 569.58
1619567292, 2, 13, 450, 315, 0, 1.30%, 7, 0, 12, 470.07
1619567297, 2, 13, 453, 318, 0, 1.30%, 7, 0, 12, 533.61
1619567302, 2, 13, 454, 319, 0, 1.31%, 7, 0, 12, 553.94
1619567318, 2, 13, 456, 321, 0, 1.31%, 7, 0, 12, 555.73
1619567323, 2, 13, 457, 322, 0, 1.31%, 7, 0, 12, 557.46
1619567333, 2, 13, 458, 323, 0, 1.31%, 7, 0, 12, 553.73
1619567343, 2, 13, 459, 324, 0, 1.31%, 7, 0, 12, 560.96
1619567353, 2, 108, 459, 323, 1, 1.31%, 7, 0, 12, 501.27
1619567429, 2, 108, 460, 324, 1, 1.31%, 7, 0, 12, 598.90
1619567434, 2, 281, 460, 323, 1, 1.31%, 7, 0, 12, 496.93
1619567860, 2, 459, 461, 323, 1, 1.31%, 7, 0, 12, 466.31
1619573866, 3, 6, 461, 322, 0, 1.31%, 7, 0, 12, 438.51
1619573907, 3, 10, 461, 321, 0, 1.31%, 7, 0, 12, 483.60
1619574783, 3, 15, 461, 320, 0, 1.31%, 7, 0, 12, 485.78
1619575672, 3, 16, 461, 319, 0, 1.31%, 7, 0, 12, 443.81
1619576536, 3, 19, 461, 318, 0, 1.31%, 7, 0, 12, 451.86
1619577461, 3, 20, 461, 317, 0, 1.31%, 7, 0, 12, 440.21
1619578386, 3, 23, 461, 316, 0, 1.31%, 7, 0, 12, 521.57
1619578432, 3, 26, 461, 315, 0, 1.31%, 7, 0, 12, 564.17
1619579358, 3, 29, 461, 314, 0, 1.31%, 7, 0, 12, 516.64
1619579405, 3, 30, 461, 313, 0, 1.31%, 7, 0, 12, 533.98
1619579455, 3, 32, 461, 312, 0, 1.31%, 9, 0, 12, 517.95
1619579460, 3, 32, 461, 312, 0, 1.31%, 12, 0, 12, 791.94
1619579506, 3, 33, 461, 311, 0, 1.31%, 12, 0, 12, 450.78
1619580408, 3, 36, 461, 310, 0, 1.31%, 12, 0, 12, 463.05
1619580935, 3, 38, 461, 309, 0, 1.31%, 12, 0, 12, 508.06
1619580985, 3, 41, 461, 308, 0, 1.31%, 12, 0, 12, 470.30
1619581908, 3, 45, 461, 307, 0, 1.31%, 12, 0, 12, 514.18
1619581913, 3, 48, 461, 307, 0, 1.31%, 12, 0, 12, 496.55
1619581963, 3, 49, 461, 306, 0, 1.31%, 12, 0, 12, 544.03
1619581979, 3, 49, 462, 307, 0, 1.32%, 12, 0, 12, 464.25
1619582009, 3, 232, 462, 306, 1, 1.32%, 12, 0, 12, 479.00
1619582872, 3, 461, 462, 305, 1, 1.32%, 12, 0, 12, 514.45
1619582958, 4, 11, 462, 304, 0, 1.32%, 12, 0, 12, 622.00
1619583859, 4, 17, 462, 303, 0, 1.32%, 12, 0, 12, 455.37
1619584397, 4, 34, 462, 302, 0, 1.32%, 12, 0, 12, 502.91
1619585266, 4, 37, 462, 301, 0, 1.32%, 12, 0, 12, 453.18
1619586189, 4, 42, 462, 300, 0, 1.32%, 12, 0, 12, 457.04
1619587112, 4, 47, 462, 299, 0, 1.32%, 12, 0, 12, 532.87
1619587163, 4, 51, 462, 298, 0, 1.32%, 12, 0, 12, 608.06
1619587183, 4, 60, 463, 298, 0, 1.32%, 12, 0, 12, 593.91
1619587188, 4, 63, 463, 298, 0, 1.32%, 12, 0, 12, 475.84
1619588111, 4, 66, 463, 297, 0, 1.32%, 12, 0, 12, 529.95
1619588147, 4, 68, 463, 296, 0, 1.32%, 12, 0, 12, 563.40
1619588183, 4, 77, 464, 296, 0, 1.32%, 12, 0, 12, 562.40
1619588358, 4, 85, 464, 295, 0, 1.32%, 12, 0, 12, 566.70
1619588404, 4, 93, 464, 294, 0, 1.32%, 12, 0, 12, 477.51
1619589262, 4, 93, 465, 295, 0, 1.32%, 12, 0, 12, 455.04
1619589267, 4, 96, 465, 294, 0, 1.32%, 12, 0, 12, 481.40
1619590146, 4, 98, 465, 293, 0, 1.32%, 12, 0, 12, 446.72
1619590961, 4, 102, 465, 292, 0, 1.32%, 12, 0, 12, 446.14
1619591844, 4, 104, 465, 291, 0, 1.32%, 12, 0, 12, 442.95
1619592807, 4, 105, 466, 291, 0, 1.32%, 12, 0, 12, 469.51
1619593735, 4, 105, 467, 292, 0, 1.32%, 12, 0, 12, 494.13
1619593740, 4, 106, 467, 291, 0, 1.32%, 12, 0, 12, 477.49
1619593802, 4, 109, 467, 290, 0, 1.32%, 12, 0, 12, 571.60
1619594726, 4, 118, 467, 289, 0, 1.32%, 12, 0, 12, 470.85
1619594849, 4, 127, 468, 289, 0, 1.32%, 12, 0, 12, 531.68
1619595780, 4, 129, 469, 289, 0, 1.32%, 12, 0, 12, 498.54
1619595785, 4, 135, 469, 289, 0, 1.32%, 12, 0, 12, 478.05
1619596317, 4, 138, 469, 288, 0, 1.32%, 12, 0, 12, 463.41
1619596837, 4, 142, 469, 287, 0, 1.32%, 12, 0, 12, 489.69
1619596965, 4, 148, 469, 286, 0, 1.32%, 12, 0, 12, 529.03
1619598022, 4, 154, 469, 285, 0, 1.32%, 12, 0, 12, 443.63
1619598495, 4, 161, 469, 284, 0, 1.32%, 12, 0, 12, 475.97
1619599556, 4, 169, 469, 283, 0, 1.32%, 12, 0, 12, 472.73
1619599992, 4, 172, 469, 282, 0, 1.32%, 12, 0, 12, 429.37
