# unix_time, cycles_done, cur_path, paths_total, pending_total, pending_favs, map_size, unique_crashes, unique_hangs, max_depth, execs_per_sec
1619418788, 0, 0, 1, 1, 1, 0.08%, 0, 0, 1, 0.53
1619418839, 0, 0, 5, 5, 1, 0.08%, 0, 0, 2, 14.06
1619418849, 0, 0, 6, 6, 1, 0.08%, 0, 0, 2, 2.52
1619418885, 0, 0, 7, 7, 1, 0.08%, 0, 0, 2, 2.54
1619418926, 0, 0, 8, 8, 1, 0.08%, 0, 0, 2, 2.52
1619418973, 0, 0, 9, 9, 1, 0.08%, 0, 0, 2, 2.53
1619419215, 0, 0, 10, 10, 1, 0.08%, 0, 0, 2, 2.53
1619419468, 0, 0, 11, 11, 1, 0.08%, 0, 0, 2, 2.51
1619419731, 0, 0, 12, 12, 1, 0.08%, 0, 0, 2, 2.56
1619419747, 0, 0, 13, 13, 1, 0.08%, 0, 0, 2, 2.99
1619419814, 0, 0, 14, 14, 1, 0.08%, 0, 0, 2, 2.57
1619420614, 0, 0, 15, 15, 1, 0.08%, 0, 0, 2, 10.01
1619420619, 0, 0, 16, 16, 1, 0.08%, 0, 0, 2, 5.77
1619421652, 0, 0, 17, 17, 1, 0.08%, 0, 0, 2, 2.50
1619421657, 0, 0, 18, 18, 1, 0.08%, 0, 0, 2, 2.51
1619421765, 0, 0, 19, 19, 1, 0.08%, 0, 0, 2, 2.68
1619421781, 0, 0, 20, 20, 1, 0.08%, 0, 0, 2, 34.81
1619421786, 0, 0, 21, 21, 1, 0.08%, 0, 0, 2, 2.53
1619422297, 0, 0, 22, 22, 1, 0.08%, 0, 0, 2, 2.50
1619424167, 0, 0, 23, 23, 1, 0.08%, 0, 0, 2, 2.52
1619424913, 0, 0, 24, 24, 1, 0.08%, 0, 0, 2, 2.52
1619425634, 0, 0, 25, 25, 1, 0.08%, 0, 0, 2, 2.54
1619425762, 0, 0, 26, 26, 1, 0.08%, 0, 0, 2, 2.51
1619427895, 0, 0, 27, 27, 1, 0.08%, 0, 0, 2, 2.57
1619427901, 0, 0, 28, 28, 1, 0.08%, 0, 0, 2, 2.56
1619427973, 0, 0, 29, 29, 1, 0.08%, 0, 0, 2, 2.53
1619429597, 0, 0, 30, 30, 1, 0.08%, 0, 0, 2, 2.50
1619433269, 0, 0, 31, 31, 1, 0.08%, 0, 0, 2, 2.52
1619435801, 0, 0, 32, 32, 1, 0.08%, 0, 0, 2, 58.09
1619435807, 0, 0, 35, 35, 1, 0.08%, 0, 0, 2, 38.56
1619435812, 0, 0, 38, 38, 1, 0.08%, 0, 0, 2, 34.03
1619435817, 0, 0, 42, 42, 1, 0.08%, 0, 0, 2, 28.19
1619435822, 0, 0, 47, 47, 1, 0.08%, 0, 0, 2, 20.09
1619435827, 0, 0, 50, 50, 1, 0.08%, 0, 0, 2, 25.30
1619435833, 0, 0, 52, 52, 1, 0.08%, 0, 0, 2, 2.58
1619436621, 0, 0, 53, 53, 1, 0.08%, 0, 0, 2, 2.53
1619437837, 0, 0, 54, 54, 1, 0.08%, 0, 0, 2, 2.51
1619444402, 0, 0, 55, 55, 1, 0.08%, 0, 0, 2, 2.63
1619446954, 0, 0, 56, 56, 1, 0.08%, 0, 0, 2, 2.62
1619449416, 0, 0, 57, 57, 1, 0.09%, 0, 0, 2, 2.60
1619454402, 0, 0, 58, 58, 1, 0.09%, 0, 0, 2, 301.36
1619454417, 0, 0, 59, 59, 1, 0.09%, 0, 0, 2, 39.59
1619454483, 0, 0, 60, 60, 1, 0.09%, 0, 0, 2, 39.67
1619454488, 0, 0, 62, 62, 1, 0.09%, 0, 0, 2, 39.65
1619454493, 0, 0, 63, 63, 1, 0.09%, 0, 0, 2, 2.60
1619454509, 0, 0, 65, 65, 1, 0.09%, 0, 0, 2, 36.63
1619454530, 0, 0, 66, 66, 1, 0.09%, 0, 0, 2, 2.63
1619454597, 0, 0, 67, 67, 1, 0.09%, 0, 0, 2, 5.72
1619454628, 0, 0, 68, 68, 1, 0.09%, 0, 0, 2, 2.67
1619454674, 0, 0, 70, 70, 1, 0.09%, 0, 0, 2, 21.78
1619454680, 0, 0, 71, 71, 1, 0.09%, 0, 0, 2, 17.97
1619454685, 0, 0, 72, 72, 1, 0.09%, 0, 0, 2, 2.63
1619454701, 0, 0, 74, 74, 1, 0.09%, 0, 0, 2, 12.96
1619454706, 0, 0, 77, 77, 1, 0.09%, 0, 0, 2, 15.22
1619454711, 0, 0, 79, 79, 1, 0.09%, 0, 0, 2, 14.16
1619454716, 0, 0, 81, 81, 1, 0.09%, 0, 0, 2, 2.56
1619454731, 0, 0, 82, 82, 1, 0.09%, 0, 0, 2, 2.63
1619454747, 0, 0, 83, 83, 1, 0.09%, 1, 0, 2, 17.08
1619454753, 0, 0, 84, 84, 1, 0.09%, 1, 0, 2, 14.04
1619454758, 0, 0, 85, 85, 1, 0.10%, 1, 0, 2, 7.32
1619454768, 0, 0, 86, 86, 1, 0.11%, 1, 0, 2, 8.55
1619454778, 0, 0, 87, 87, 1, 0.12%, 1, 0, 2, 12.20
1619454784, 0, 0, 88, 88, 1, 0.12%, 1, 0, 2, 10.71
1619454789, 0, 0, 90, 90, 1, 0.12%, 1, 0, 2, 2.63
1619454805, 0, 0, 91, 91, 1, 0.14%, 1, 0, 2, 2.57
1619454820, 0, 0, 92, 92, 1, 0.14%, 1, 0, 2, 2.72
1619454841, 0, 0, 93, 93, 1, 0.14%, 2, 0, 2, 13.07
1619454846, 0, 0, 94, 94, 1, 0.14%, 2, 0, 2, 7.48
1619454867, 0, 0, 96, 96, 1, 0.14%, 2, 0, 2, 14.88
1619454873, 0, 0, 97, 97, 1, 0.14%, 2, 0, 2, 2.63
1619454888, 0, 0, 98, 98, 1, 0.15%, 2, 0, 2, 16.74
1619454924, 0, 0, 99, 99, 1, 0.15%, 2, 0, 2, 12.31
1619454930, 0, 0, 100, 100, 1, 0.15%, 2, 0, 2, 9.48
1619454935, 0, 0, 101, 101, 1, 0.15%, 2, 0, 2, 8.34
1619454951, 0, 0, 103, 103, 1, 0.15%, 2, 0, 2, 17.00
1619454961, 0, 0, 104, 104, 1, 0.15%, 2, 0, 2, 2.62
1619454977, 0, 0, 106, 106, 1, 0.15%, 2, 0, 2, 17.34
1619454987, 0, 0, 107, 107, 1, 0.15%, 2, 0, 2, 2.64
1619455008, 0, 0, 108, 108, 1, 0.15%, 2, 0, 2, 2.58
1619455034, 0, 0, 109, 109, 1, 0.15%, 2, 0, 2, 2.60
1619455054, 0, 0, 110, 110, 1, 0.15%, 2, 0, 2, 2.55
1619455070, 0, 0, 112, 112, 1, 0.15%, 2, 0, 2, 16.56
1619455075, 0, 0, 113, 113, 1, 0.15%, 2, 0, 2, 15.35
1619455080, 0, 0, 115, 115, 1, 0.15%, 2, 0, 2, 15.96
1619455085, 0, 0, 117, 117, 1, 0.15%, 2, 0, 2, 9.02
1619455090, 0, 0, 119, 119, 1, 0.15%, 2, 0, 2, 12.22
1619455101, 0, 0, 120, 120, 1, 0.15%, 2, 0, 2, 16.84
1619455106, 0, 0, 121, 121, 1, 0.15%, 2, 0, 2, 16.94
1619455111, 0, 0, 122, 122, 1, 0.16%, 2, 0, 2, 2.62
1619455132, 0, 0, 123, 123, 1, 0.16%, 2, 0, 2, 2.63
1619455158, 0, 0, 124, 124, 1, 0.16%, 2, 0, 2, 15.38
1619455174, 0, 0, 125, 125, 1, 0.16%, 2, 0, 2, 2.58
1619455204, 0, 0, 127, 127, 1, 0.16%, 2, 0, 2, 2.56
1619455225, 0, 0, 129, 129, 1, 0.16%, 2, 0, 2, 17.29
1619467387, 0, 0, 130, 130, 1, 0.16%, 2, 0, 2, 2.64
1619467701, 0, 0, 131, 131, 1, 0.16%, 2, 0, 2, 2.62
1619485122, 0, 0, 132, 132, 1, 0.16%, 2, 0, 2, 2.63
