# unix_time, cycles_done, cur_path, paths_total, pending_total, pending_favs, map_size, unique_crashes, unique_hangs, max_depth, execs_per_sec
1620027395, 0, 0, 1, 1, 1, 2.53%, 0, 0, 1, 1.03
1620027508, 0, 0, 5, 5, 1, 2.56%, 0, 0, 2, 0.99
1620027573, 0, 0, 6, 6, 1, 2.56%, 0, 0, 2, 1.10
1620027653, 0, 0, 7, 7, 1, 2.56%, 0, 0, 2, 1.15
1620028230, 0, 0, 8, 8, 1, 2.56%, 0, 0, 2, 1.00
1620028440, 0, 0, 9, 9, 1, 2.62%, 0, 0, 2, 0.92
1620028824, 0, 0, 10, 10, 1, 2.62%, 0, 0, 2, 1.36
1620029285, 0, 0, 12, 12, 1, 2.67%, 0, 0, 2, 10.64
1620030796, 0, 0, 13, 13, 1, 2.68%, 0, 0, 2, 3.95
1620030822, 0, 0, 14, 14, 1, 2.68%, 0, 0, 2, 1.63
1620031470, 0, 0, 15, 15, 1, 2.69%, 0, 0, 2, 1.31
1620032294, 0, 0, 16, 16, 1, 2.69%, 0, 0, 2, 1.43
1620032874, 0, 0, 17, 17, 1, 2.69%, 0, 0, 2, 9.95
1620032879, 0, 0, 19, 19, 1, 2.69%, 0, 0, 2, 1.76
1620033201, 0, 0, 20, 20, 1, 2.69%, 0, 0, 2, 1.41
1620033289, 0, 0, 21, 21, 1, 2.69%, 0, 0, 2, 1.35
1620033828, 0, 0, 22, 22, 1, 2.69%, 0, 0, 2, 1.37
1620034619, 0, 0, 23, 23, 1, 2.69%, 0, 0, 2, 1.39
1620037066, 0, 0, 24, 24, 1, 2.69%, 0, 0, 2, 1.53
1620038277, 0, 0, 25, 25, 1, 2.69%, 0, 0, 2, 1.59
1620038802, 0, 0, 26, 26, 1, 2.70%, 0, 0, 2, 1.52
1620039487, 0, 0, 27, 27, 1, 2.70%, 0, 0, 2, 1.54
1620043454, 0, 0, 28, 28, 1, 2.70%, 0, 0, 2, 1.41
1620043459, 0, 0, 29, 29, 1, 2.70%, 0, 0, 2, 1.45
1620056090, 0, 0, 30, 30, 1, 2.70%, 0, 0, 2, 1.38
1620057572, 0, 0, 42, 42, 1, 2.76%, 0, 0, 2, 232.46
1620057577, 0, 0, 47, 47, 1, 2.76%, 0, 0, 2, 1.41
1620057677, 0, 0, 48, 48, 1, 2.76%, 0, 0, 2, 1.36
1620059038, 0, 0, 49, 49, 1, 2.80%, 0, 0, 2, 1.34
1620060189, 0, 0, 50, 50, 1, 2.81%, 0, 0, 2, 0.23
1620062158, 0, 0, 51, 51, 1, 2.81%, 0, 0, 2, 0.00
1620065772, 0, 0, 51, 51, 1, 2.83%, 1, 0, 2, 0.00
1620066572, 0, 0, 52, 52, 1, 2.85%, 1, 0, 2, 0.00
