# unix_time, cycles_done, cur_path, paths_total, pending_total, pending_favs, map_size, unique_crashes, unique_hangs, max_depth, execs_per_sec
1620112174, 0, 0, 1, 1, 1, 1.02%, 0, 0, 1, 15.09
1620112179, 0, 0, 32, 32, 1, 1.53%, 0, 0, 2, 376.26
1620112185, 0, 0, 41, 41, 1, 1.58%, 0, 0, 2, 420.60
1620112190, 0, 0, 51, 51, 1, 1.60%, 0, 0, 2, 439.83
1620112195, 0, 0, 75, 75, 1, 1.66%, 0, 0, 2, 454.37
1620112200, 0, 0, 78, 78, 1, 1.67%, 0, 0, 2, 440.97
1620112205, 0, 0, 80, 80, 1, 1.67%, 0, 0, 2, 431.27
1620112215, 0, 0, 81, 81, 1, 1.67%, 0, 0, 2, 254.22
1620112220, 0, 0, 83, 83, 1, 1.67%, 0, 0, 2, 224.91
1620112226, 0, 0, 86, 86, 1, 1.68%, 0, 0, 2, 166.43
1620112231, 0, 0, 87, 87, 1, 1.68%, 0, 0, 2, 157.65
1620112261, 0, 0, 91, 91, 1, 1.68%, 0, 0, 2, 165.82
1620112317, 0, 0, 103, 103, 1, 1.70%, 0, 0, 2, 202.90
1620112323, 0, 0, 114, 114, 1, 1.70%, 0, 0, 2, 163.91
1620112328, 0, 0, 116, 116, 1, 1.70%, 0, 0, 2, 151.88
1620112333, 0, 0, 121, 121, 1, 1.70%, 0, 0, 2, 143.08
1620112338, 0, 0, 122, 122, 1, 1.70%, 0, 0, 2, 142.62
1620112343, 0, 0, 124, 124, 1, 1.70%, 0, 0, 2, 147.01
1620112348, 0, 0, 125, 125, 1, 1.70%, 0, 0, 2, 150.70
1620112373, 0, 0, 126, 126, 1, 1.70%, 0, 0, 2, 139.72
1620112404, 0, 0, 127, 127, 1, 1.70%, 0, 0, 2, 148.93
1620112414, 0, 0, 128, 128, 1, 1.70%, 0, 0, 2, 141.09
1620112450, 0, 0, 129, 129, 1, 1.70%, 0, 0, 2, 145.06
1620112497, 0, 0, 130, 130, 1, 1.70%, 0, 0, 2, 143.50
1620112502, 0, 0, 131, 131, 1, 1.70%, 0, 0, 2, 140.79
1620112538, 0, 0, 132, 132, 1, 1.71%, 0, 0, 2, 143.19
1620112584, 0, 0, 133, 133, 1, 1.71%, 0, 0, 2, 220.40
1620112599, 0, 0, 139, 139, 1, 1.71%, 0, 0, 2, 184.09
1620112604, 0, 0, 155, 155, 1, 1.78%, 0, 0, 2, 162.67
1620112609, 0, 0, 169, 169, 1, 1.79%, 0, 0, 2, 152.74
1620112614, 0, 0, 177, 177, 1, 1.87%, 0, 0, 2, 145.28
1620112619, 0, 0, 182, 182, 1, 1.87%, 0, 0, 2, 147.76
1620112624, 0, 0, 183, 183, 1, 1.87%, 0, 0, 2, 154.35
1620112660, 0, 0, 187, 187, 1, 1.87%, 0, 0, 2, 147.02
1620112665, 0, 0, 189, 189, 1, 1.87%, 0, 0, 2, 148.47
1620114654, 0, 0, 191, 191, 1, 1.87%, 0, 0, 2, 150.97
1620114659, 0, 0, 192, 192, 1, 1.87%, 0, 0, 2, 156.01
1620114680, 0, 0, 205, 205, 1, 1.87%, 0, 0, 2, 163.06
1620114685, 0, 0, 210, 210, 1, 1.87%, 0, 0, 2, 169.70
1620114690, 0, 0, 215, 215, 1, 1.87%, 0, 0, 2, 177.70
1620114695, 0, 0, 218, 218, 1, 1.87%, 0, 0, 2, 187.18
1620114700, 0, 0, 221, 221, 1, 1.87%, 0, 0, 2, 180.29
1620114705, 0, 0, 223, 223, 1, 1.87%, 0, 0, 2, 174.36
1620114710, 0, 0, 226, 226, 1, 1.87%, 0, 0, 2, 172.62
1620114715, 0, 0, 228, 228, 1, 1.87%, 0, 0, 2, 172.26
1620114720, 0, 0, 232, 232, 1, 1.87%, 0, 0, 2, 172.66
1620114726, 0, 0, 233, 233, 1, 1.87%, 0, 0, 2, 173.03
1620114731, 0, 0, 235, 235, 1, 1.88%, 0, 0, 2, 176.46
1620114736, 0, 0, 236, 236, 1, 1.88%, 0, 0, 2, 175.62
1620114741, 0, 0, 238, 238, 1, 1.88%, 0, 0, 2, 176.17
1620114751, 0, 0, 239, 239, 1, 1.88%, 0, 0, 2, 181.10
1620114756, 0, 0, 240, 240, 1, 1.88%, 0, 0, 2, 174.32
1620114761, 0, 0, 242, 242, 1, 1.88%, 0, 0, 2, 176.58
1620114777, 0, 0, 243, 243, 1, 1.88%, 0, 0, 2, 175.27
1620114782, 0, 0, 244, 244, 1, 1.88%, 0, 0, 2, 182.12
1620114802, 0, 0, 245, 245, 1, 1.88%, 0, 0, 2, 172.64
1620114848, 0, 0, 246, 246, 1, 1.88%, 0, 0, 2, 168.12
1620114853, 0, 0, 248, 248, 1, 1.88%, 0, 0, 2, 171.65
1620114858, 0, 0, 249, 249, 1, 1.88%, 0, 0, 2, 172.95
1620114863, 0, 0, 250, 250, 1, 1.88%, 0, 0, 2, 172.36
1620114868, 0, 2, 250, 249, 56, 1.88%, 0, 0, 2, 193.98
1620114904, 0, 2, 251, 250, 56, 1.89%, 0, 0, 3, 116.00
1620115000, 0, 2, 253, 252, 56, 1.89%, 0, 0, 3, 248.15
1620115005, 0, 2, 254, 253, 56, 1.89%, 0, 0, 3, 301.89
1620115010, 0, 2, 255, 254, 56, 1.89%, 0, 0, 3, 325.13
1620115025, 0, 2, 256, 255, 56, 1.89%, 0, 0, 3, 314.41
1620115056, 0, 2, 257, 256, 56, 1.89%, 0, 0, 3, 309.06
1620115071, 0, 2, 259, 258, 56, 1.89%, 0, 0, 3, 311.93
1620115076, 0, 4, 259, 257, 56, 1.89%, 0, 0, 3, 279.61
1620115213, 0, 5, 260, 257, 55, 2.20%, 1, 0, 3, 214.22
1620115248, 0, 5, 261, 258, 55, 2.21%, 1, 0, 3, 159.61
1620115253, 0, 5, 262, 259, 55, 2.21%, 1, 0, 3, 151.25
1620115259, 0, 5, 263, 260, 55, 2.21%, 1, 0, 3, 145.06
1620115264, 0, 5, 264, 261, 55, 2.21%, 1, 0, 3, 144.84
1620115334, 0, 5, 265, 262, 55, 2.21%, 1, 0, 3, 152.94
1620115350, 0, 8, 265, 261, 56, 2.21%, 1, 0, 3, 246.67
1620115482, 0, 14, 265, 260, 55, 2.21%, 1, 0, 3, 254.10
1620115503, 0, 14, 266, 261, 55, 2.21%, 1, 0, 3, 311.19
1620115620, 0, 14, 267, 262, 55, 2.21%, 1, 0, 3, 294.27
1620115625, 0, 15, 268, 262, 55, 2.21%, 1, 0, 3, 242.70
1620115670, 0, 15, 269, 263, 55, 2.21%, 1, 0, 3, 156.12
1620115716, 0, 15, 270, 264, 55, 2.21%, 1, 0, 3, 152.31
1620115762, 0, 19, 270, 263, 54, 2.21%, 1, 0, 3, 184.33
1620116156, 0, 19, 271, 264, 54, 2.21%, 1, 0, 3, 144.79
1620118319, 0, 19, 273, 266, 54, 2.21%, 1, 0, 3, 181.17
1620118324, 0, 19, 274, 267, 54, 2.21%, 1, 0, 3, 179.60
1620118329, 0, 19, 275, 268, 54, 2.21%, 1, 0, 3, 179.19
1620118375, 0, 19, 276, 269, 54, 2.21%, 1, 0, 3, 172.26
1620118385, 0, 19, 277, 270, 54, 2.21%, 1, 0, 3, 174.12
1620118395, 0, 19, 278, 271, 54, 2.21%, 1, 0, 3, 174.16
1620118400, 0, 19, 279, 272, 54, 2.22%, 1, 0, 3, 176.49
1620118446, 0, 19, 280, 273, 54, 2.22%, 1, 0, 3, 188.79
1620118451, 0, 22, 280, 272, 55, 2.22%, 1, 0, 3, 177.49
1620118943, 0, 22, 281, 273, 55, 2.22%, 1, 0, 3, 142.69
1620121004, 0, 22, 282, 274, 55, 2.22%, 1, 0, 3, 171.99
1620121014, 0, 24, 282, 273, 54, 2.22%, 1, 0, 3, 179.78
1620121514, 0, 24, 283, 274, 54, 2.22%, 1, 0, 3, 146.56
1620123587, 0, 24, 284, 275, 54, 2.22%, 1, 0, 3, 170.32
1620123592, 0, 24, 285, 276, 54, 2.22%, 1, 0, 3, 179.68
1620123622, 0, 34, 286, 276, 53, 2.22%, 1, 0, 3, 188.49
1620123663, 0, 34, 287, 277, 53, 2.22%, 1, 0, 3, 157.82
1620123754, 0, 41, 287, 276, 53, 2.22%, 1, 0, 3, 271.72
1620124215, 0, 41, 288, 277, 53, 2.23%, 1, 0, 3, 160.47
1620124220, 0, 41, 289, 278, 53, 2.23%, 1, 0, 3, 154.50
1620126052, 0, 41, 291, 280, 53, 2.23%, 1, 0, 3, 181.44
1620126057, 0, 41, 291, 280, 53, 2.23%, 2, 0, 3, 183.35
1620126073, 0, 41, 292, 281, 53, 2.23%, 2, 0, 3, 185.54
1620126098, 0, 41, 293, 282, 53, 2.23%, 2, 0, 3, 190.95
1620126108, 0, 41, 294, 283, 53, 2.23%, 2, 0, 3, 184.89
1620126119, 0, 41, 295, 284, 53, 2.23%, 2, 0, 3, 190.79
1620126159, 0, 41, 296, 285, 53, 2.23%, 2, 0, 3, 186.35
1620126180, 0, 45, 296, 284, 53, 2.23%, 2, 0, 3, 179.89
1620126302, 0, 45, 297, 285, 53, 2.23%, 2, 0, 3, 151.39
1620126317, 0, 50, 297, 284, 52, 2.23%, 2, 0, 3, 224.64
1620128899, 0, 58, 297, 283, 51, 2.23%, 2, 0, 3, 196.00
1620129036, 0, 59, 297, 282, 49, 2.23%, 2, 0, 3, 228.99
1620129076, 0, 59, 298, 283, 49, 2.23%, 2, 0, 3, 145.37
1620129081, 0, 59, 299, 284, 49, 2.23%, 2, 0, 3, 144.69
1620129173, 0, 60, 299, 283, 46, 2.23%, 2, 0, 3, 236.11
1620129310, 0, 61, 299, 282, 45, 2.23%, 2, 0, 3, 211.93
1620129351, 0, 61, 300, 283, 45, 2.23%, 2, 0, 3, 149.49
1620129448, 0, 64, 302, 284, 43, 2.23%, 3, 0, 3, 203.51
1620129463, 0, 64, 303, 285, 43, 2.23%, 3, 0, 3, 294.18
1620129499, 0, 64, 304, 286, 43, 2.23%, 3, 0, 3, 146.31
1620129585, 0, 68, 304, 285, 43, 2.23%, 3, 0, 3, 210.00
1620129717, 0, 69, 304, 284, 42, 2.23%, 3, 0, 3, 272.84
1620129722, 0, 69, 305, 285, 42, 2.24%, 3, 0, 3, 198.67
1620129855, 0, 71, 305, 284, 42, 2.24%, 3, 0, 3, 259.89
1620130443, 0, 71, 306, 285, 42, 2.24%, 3, 0, 3, 143.31
1620130448, 0, 71, 309, 288, 42, 2.27%, 3, 0, 3, 141.14
1620132431, 0, 71, 310, 289, 42, 2.27%, 3, 0, 3, 174.79
1620132446, 0, 72, 310, 288, 44, 2.27%, 3, 0, 3, 159.62
1620135020, 0, 72, 311, 289, 44, 2.27%, 3, 0, 3, 176.86
1620135031, 0, 72, 313, 291, 44, 2.27%, 3, 0, 3, 179.62
1620135061, 0, 72, 314, 292, 44, 2.27%, 3, 0, 3, 174.33
1620135153, 0, 73, 315, 292, 43, 2.27%, 3, 0, 3, 172.45
1620137773, 0, 73, 316, 293, 43, 2.27%, 3, 0, 3, 167.61
1620137788, 0, 74, 316, 292, 42, 2.27%, 3, 0, 3, 163.63
1620137875, 0, 74, 317, 293, 42, 2.27%, 3, 0, 3, 149.84
1620138119, 0, 77, 317, 292, 41, 2.27%, 3, 0, 3, 237.00
1620140681, 0, 80, 317, 291, 40, 2.27%, 3, 0, 3, 159.91
1620140809, 0, 80, 318, 292, 40, 2.27%, 3, 0, 3, 145.22
1620143320, 0, 82, 318, 291, 39, 2.27%, 3, 0, 3, 171.68
1620143694, 0, 82, 319, 292, 39, 2.27%, 3, 0, 3, 165.15
1620145644, 0, 83, 319, 291, 38, 2.27%, 3, 0, 3, 203.45
1620145735, 0, 85, 319, 290, 37, 2.27%, 3, 0, 3, 234.13
1620145832, 0, 86, 319, 289, 36, 2.27%, 3, 0, 3, 244.61
1620145969, 0, 91, 320, 289, 35, 2.28%, 3, 0, 3, 216.96
1620146005, 0, 91, 322, 291, 35, 2.28%, 3, 0, 3, 163.67
1620146097, 0, 102, 322, 290, 36, 2.28%, 3, 0, 3, 230.82
1620146204, 0, 102, 323, 291, 36, 2.28%, 3, 0, 3, 150.41
1620146234, 0, 116, 323, 290, 34, 2.28%, 3, 0, 3, 179.31
1620147403, 0, 130, 323, 289, 34, 2.28%, 3, 0, 3, 158.56
1620147683, 0, 130, 324, 290, 34, 2.28%, 3, 0, 3, 142.73
1620149916, 0, 131, 324, 289, 34, 2.28%, 3, 0, 3, 154.07
1620150306, 0, 131, 325, 290, 34, 2.29%, 3, 0, 3, 149.95
1620152567, 0, 165, 325, 289, 34, 2.29%, 3, 0, 3, 155.36
1620153268, 0, 175, 325, 288, 34, 2.29%, 3, 0, 3, 239.01
1620153303, 0, 175, 326, 289, 34, 2.29%, 3, 0, 3, 229.55
1620153308, 0, 175, 327, 290, 34, 2.30%, 3, 0, 3, 224.40
1620153319, 0, 175, 328, 291, 34, 2.30%, 3, 0, 3, 209.02
1620153329, 0, 175, 329, 292, 34, 2.30%, 3, 0, 3, 217.29
1620153430, 0, 175, 330, 293, 34, 2.30%, 3, 0, 3, 232.68
1620153512, 0, 175, 331, 294, 34, 2.30%, 3, 0, 3, 221.97
1620153623, 0, 175, 332, 295, 34, 2.42%, 3, 0, 3, 251.31
1620153710, 0, 175, 333, 296, 34, 2.42%, 3, 0, 3, 210.78
1620153720, 0, 175, 334, 297, 34, 2.42%, 3, 0, 3, 222.79
1620155132, 0, 175, 337, 300, 34, 2.43%, 3, 0, 3, 247.90
1620155147, 0, 175, 338, 301, 34, 2.43%, 3, 0, 3, 255.86
1620155162, 0, 175, 339, 302, 34, 2.43%, 3, 0, 3, 254.80
1620155172, 0, 175, 340, 303, 34, 2.43%, 3, 0, 3, 258.65
1620155197, 0, 175, 342, 305, 34, 2.43%, 3, 0, 3, 268.56
1620155223, 0, 175, 343, 306, 34, 2.43%, 3, 0, 3, 264.55
1620155238, 0, 175, 344, 307, 34, 2.43%, 3, 0, 3, 265.09
1620155248, 0, 175, 345, 308, 34, 2.43%, 3, 0, 3, 254.53
1620155253, 0, 199, 345, 307, 35, 2.43%, 3, 0, 3, 264.28
1620155422, 0, 232, 347, 308, 34, 2.44%, 3, 0, 3, 257.08
1620155574, 0, 232, 350, 311, 34, 2.44%, 3, 0, 3, 207.31
1620155777, 0, 232, 351, 312, 34, 2.44%, 3, 0, 3, 247.50
1620157233, 0, 241, 351, 311, 34, 2.44%, 3, 0, 3, 247.12
1620157299, 0, 241, 352, 312, 34, 2.44%, 3, 0, 3, 231.26
1620157314, 0, 241, 353, 313, 34, 2.44%, 3, 0, 3, 227.46
1620157339, 0, 241, 353, 313, 34, 2.44%, 4, 0, 3, 222.00
1620157370, 0, 241, 354, 314, 34, 2.44%, 4, 0, 3, 250.76
1620158030, 0, 250, 354, 313, 33, 2.44%, 4, 0, 3, 17.32
1620158066, 0, 250, 355, 314, 33, 2.44%, 4, 0, 4, 313.15
1620158143, 0, 250, 356, 315, 33, 2.44%, 4, 0, 4, 17.91
1620158148, 0, 250, 357, 316, 33, 2.44%, 4, 0, 4, 17.13
1620158189, 0, 250, 358, 317, 33, 2.44%, 4, 0, 4, 18.58
1620158490, 0, 252, 358, 316, 34, 2.44%, 4, 0, 4, 216.40
1620158592, 0, 254, 358, 315, 33, 2.44%, 4, 0, 4, 295.74
1620158653, 0, 254, 359, 316, 33, 2.44%, 4, 0, 4, 259.07
1620158673, 0, 255, 360, 316, 33, 2.44%, 4, 0, 4, 327.93
1620158719, 0, 255, 361, 317, 33, 2.44%, 4, 0, 4, 427.16
1620158775, 0, 255, 362, 318, 33, 2.44%, 4, 0, 4, 244.69
1620158918, 0, 255, 363, 319, 33, 2.44%, 4, 0, 4, 307.54
1620158924, 0, 258, 363, 318, 32, 2.44%, 4, 0, 4, 319.86
1620159189, 0, 258, 364, 319, 32, 2.44%, 4, 0, 4, 312.20
1620159194, 0, 259, 368, 322, 31, 2.45%, 4, 0, 4, 331.10
1620159199, 0, 259, 369, 323, 31, 2.45%, 4, 0, 4, 257.25
1620159204, 0, 259, 370, 324, 31, 2.45%, 4, 0, 4, 266.72
1620159235, 0, 259, 371, 325, 31, 2.45%, 4, 0, 4, 216.21
1620159286, 0, 260, 371, 324, 31, 2.45%, 4, 0, 4, 17.78
1620159506, 0, 260, 372, 325, 31, 2.51%, 4, 0, 4, 21.77
1620159511, 0, 260, 373, 326, 31, 2.53%, 4, 0, 4, 21.91
1620159521, 0, 260, 374, 327, 31, 2.53%, 4, 0, 4, 33.05
1620159567, 0, 260, 375, 328, 31, 2.53%, 4, 0, 4, 19.83
1620160129, 0, 265, 375, 327, 32, 2.53%, 4, 0, 4, 295.85
1620160134, 0, 265, 375, 327, 32, 2.53%, 5, 0, 4, 182.30
1620160241, 0, 265, 376, 328, 32, 2.53%, 5, 0, 4, 20.25
1620160308, 0, 267, 377, 328, 31, 2.53%, 5, 0, 4, 319.10
1620160374, 0, 267, 378, 329, 31, 2.53%, 5, 0, 4, 230.17
1620160400, 0, 270, 378, 328, 31, 2.53%, 5, 0, 4, 259.13
1620160405, 0, 270, 379, 329, 31, 2.53%, 5, 0, 4, 228.98
1620162123, 0, 270, 380, 330, 31, 2.53%, 5, 0, 4, 253.12
1620162128, 0, 278, 380, 329, 32, 2.53%, 5, 0, 4, 266.67
1620162133, 0, 278, 381, 330, 32, 2.54%, 5, 0, 4, 273.34
1620162374, 0, 278, 382, 331, 32, 2.54%, 5, 0, 4, 362.09
1620162379, 0, 284, 382, 330, 32, 2.54%, 5, 0, 4, 276.55
1620162624, 0, 285, 382, 329, 31, 2.54%, 5, 0, 4, 296.95
1620162715, 0, 286, 382, 328, 30, 2.54%, 5, 0, 4, 290.05
1620162751, 0, 286, 383, 329, 30, 2.54%, 5, 0, 4, 242.20
1620162827, 0, 297, 383, 328, 29, 2.54%, 5, 0, 4, 297.55
1620162858, 0, 297, 384, 329, 29, 2.54%, 5, 0, 4, 264.75
1620162868, 0, 297, 385, 330, 29, 2.54%, 5, 0, 4, 235.89
1620162878, 0, 297, 386, 331, 29, 2.54%, 5, 0, 4, 236.98
1620162954, 0, 298, 386, 330, 29, 2.54%, 5, 0, 4, 308.94
1620163035, 0, 298, 387, 331, 29, 2.54%, 5, 0, 4, 228.96
1620163127, 0, 299, 387, 330, 29, 2.54%, 5, 0, 4, 277.70
1620163172, 0, 299, 388, 331, 29, 2.54%, 5, 0, 4, 225.61
1620163489, 0, 302, 389, 331, 29, 2.54%, 6, 0, 4, 303.06
1620163581, 0, 304, 389, 330, 29, 2.54%, 6, 0, 4, 324.60
1620163673, 0, 305, 389, 329, 28, 2.54%, 6, 0, 4, 274.34
1620163683, 0, 305, 390, 330, 28, 2.54%, 6, 0, 4, 225.41
1620165416, 0, 305, 391, 331, 28, 2.54%, 6, 0, 4, 238.52
1620165426, 0, 307, 391, 330, 29, 2.54%, 6, 0, 4, 228.41
1620167223, 0, 307, 392, 331, 29, 2.54%, 6, 0, 4, 261.07
1620167228, 0, 308, 392, 330, 29, 2.54%, 6, 0, 4, 245.26
1620169080, 0, 308, 393, 331, 29, 2.54%, 6, 0, 4, 263.28
1620169085, 0, 316, 393, 330, 29, 2.54%, 6, 0, 4, 246.18
1620169335, 0, 318, 393, 329, 28, 2.54%, 6, 0, 4, 277.67
1620169340, 0, 318, 400, 336, 28, 2.55%, 6, 0, 4, 251.90
1620169360, 0, 318, 401, 337, 28, 2.55%, 6, 0, 4, 250.25
1620169391, 0, 318, 403, 339, 28, 2.56%, 6, 0, 4, 245.31
1620169575, 0, 318, 404, 340, 28, 2.56%, 6, 0, 4, 262.73
1620170517, 0, 318, 405, 341, 28, 2.56%, 6, 0, 4, 250.21
1620170527, 0, 318, 406, 342, 28, 2.56%, 6, 0, 4, 244.59
1620170861, 0, 318, 407, 343, 28, 2.56%, 6, 0, 4, 246.39
1620170866, 0, 318, 409, 345, 28, 2.56%, 6, 0, 4, 272.22
1620170876, 0, 318, 410, 346, 28, 2.56%, 6, 0, 4, 276.53
1620170891, 0, 318, 411, 347, 28, 2.56%, 6, 0, 4, 301.57
1620170907, 0, 318, 412, 348, 28, 2.56%, 6, 0, 4, 284.46
1620170968, 0, 318, 413, 349, 28, 2.56%, 6, 0, 4, 288.65
1620170978, 0, 319, 413, 348, 33, 2.56%, 7, 0, 4, 274.91
1620171065, 0, 321, 414, 348, 32, 2.56%, 7, 0, 4, 243.70
1620171070, 0, 321, 415, 349, 32, 2.56%, 7, 0, 4, 17.56
1620171192, 0, 321, 416, 350, 32, 2.56%, 7, 0, 4, 20.89
1620171268, 0, 323, 416, 349, 33, 2.56%, 7, 0, 4, 246.80
1620171405, 0, 323, 417, 350, 33, 2.56%, 7, 0, 4, 224.80
1620172954, 0, 324, 417, 349, 33, 2.56%, 7, 0, 4, 245.46
1620173263, 0, 324, 418, 350, 33, 2.56%, 7, 0, 4, 227.94
1620174677, 0, 326, 418, 349, 33, 2.56%, 7, 0, 4, 246.95
1620174927, 0, 331, 418, 348, 32, 2.56%, 7, 0, 4, 17.25
1620174978, 0, 331, 419, 349, 32, 2.56%, 7, 0, 4, 194.09
1620175439, 0, 331, 420, 350, 32, 2.56%, 7, 0, 4, 203.83
1620175725, 0, 331, 421, 351, 32, 2.57%, 7, 0, 4, 18.80
1620175735, 0, 331, 422, 352, 32, 2.57%, 7, 0, 4, 24.54
1620176610, 0, 331, 423, 353, 32, 2.57%, 7, 0, 4, 22.51
1620176625, 0, 331, 424, 354, 32, 2.58%, 7, 0, 4, 19.44
1620176636, 0, 331, 425, 355, 32, 2.58%, 7, 0, 4, 19.43
1620178287, 0, 337, 425, 354, 35, 2.58%, 7, 0, 4, 224.95
1620178292, 0, 337, 426, 355, 35, 2.58%, 7, 0, 4, 264.29
1620178688, 0, 337, 427, 356, 35, 2.58%, 7, 0, 4, 238.06
1620179990, 0, 349, 427, 355, 35, 2.58%, 7, 0, 4, 159.42
1620179995, 0, 349, 428, 356, 35, 2.58%, 7, 0, 4, 208.96
1620180087, 0, 349, 429, 357, 35, 2.58%, 7, 0, 4, 238.06
1620180205, 0, 349, 430, 358, 35, 2.58%, 7, 0, 4, 20.95
1620180353, 0, 349, 431, 359, 35, 2.58%, 7, 0, 4, 295.84
1620180358, 0, 352, 431, 358, 36, 2.58%, 7, 0, 4, 262.13
1620181144, 0, 355, 432, 358, 36, 2.58%, 7, 0, 5, 87.77
1620181901, 0, 356, 432, 357, 35, 2.58%, 7, 0, 5, 16.23
1620182756, 0, 361, 432, 356, 34, 2.58%, 7, 0, 5, 249.15
1620183063, 0, 364, 432, 355, 33, 2.58%, 7, 0, 5, 258.10
1620183160, 0, 368, 432, 354, 32, 2.58%, 7, 0, 5, 290.18
1620183252, 0, 372, 432, 353, 31, 2.58%, 7, 0, 5, 33.82
1620183262, 0, 372, 433, 354, 31, 2.58%, 7, 0, 5, 18.10
1620183350, 0, 372, 436, 357, 31, 2.60%, 7, 0, 5, 236.33
1620183355, 0, 372, 437, 358, 31, 2.60%, 7, 0, 5, 18.61
1620184556, 0, 372, 438, 359, 31, 2.60%, 7, 0, 5, 19.57
1620184587, 0, 372, 439, 360, 31, 2.60%, 7, 0, 5, 254.80
1620184593, 0, 372, 441, 362, 31, 2.60%, 7, 0, 5, 268.45
1620184684, 0, 375, 441, 361, 29, 2.60%, 7, 0, 5, 18.07
1620185702, 0, 375, 442, 362, 29, 2.60%, 7, 0, 5, 22.62
1620185804, 0, 376, 442, 361, 28, 2.60%, 7, 0, 5, 245.86
1620185896, 0, 378, 442, 360, 27, 2.60%, 7, 0, 5, 404.37
1620187429, 0, 378, 443, 361, 27, 2.60%, 7, 0, 5, 269.29
1620187439, 0, 379, 443, 360, 26, 2.60%, 7, 0, 5, 280.60
1620188476, 0, 379, 444, 361, 26, 2.60%, 7, 0, 5, 264.34
1620188491, 0, 380, 444, 360, 25, 2.60%, 7, 0, 5, 263.96
1620188501, 0, 380, 445, 361, 25, 2.60%, 7, 0, 5, 257.13
1620188695, 0, 380, 446, 362, 25, 2.60%, 7, 0, 5, 230.18
1620188741, 0, 383, 446, 361, 25, 2.60%, 7, 0, 5, 303.89
1620188894, 0, 383, 447, 362, 25, 2.60%, 7, 0, 5, 428.01
1620188899, 0, 386, 447, 361, 24, 2.60%, 7, 0, 5, 439.04
1620189103, 0, 387, 447, 360, 23, 2.60%, 7, 0, 5, 271.76
1620189461, 0, 388, 447, 359, 22, 2.60%, 7, 0, 5, 343.09
1620189466, 0, 388, 447, 359, 22, 2.60%, 8, 0, 5, 285.06
1620189553, 0, 388, 448, 360, 22, 2.60%, 8, 0, 5, 429.34
1620189558, 0, 388, 449, 361, 22, 2.60%, 8, 0, 5, 460.85
1620189568, 0, 389, 449, 360, 21, 2.60%, 8, 0, 5, 353.56
1620191094, 0, 390, 449, 359, 20, 2.60%, 8, 0, 5, 275.48
1620192021, 0, 390, 450, 360, 20, 2.60%, 8, 0, 5, 270.84
1620192036, 0, 391, 450, 359, 19, 2.60%, 8, 0, 5, 237.80
1620194052, 0, 391, 451, 360, 19, 2.60%, 8, 0, 5, 254.96
1620194057, 0, 391, 452, 361, 19, 2.60%, 8, 0, 5, 257.13
1620194083, 0, 392, 452, 360, 19, 2.60%, 8, 0, 5, 246.09
1620195859, 0, 392, 453, 361, 19, 2.60%, 8, 0, 5, 249.44
1620195870, 0, 393, 453, 360, 19, 2.60%, 8, 0, 5, 265.39
1620197406, 0, 393, 454, 361, 19, 2.60%, 8, 0, 5, 284.35
1620197416, 0, 394, 454, 360, 19, 2.60%, 8, 0, 5, 282.14
1620197426, 0, 394, 455, 361, 19, 2.60%, 8, 0, 5, 253.04
1620198943, 0, 394, 456, 362, 19, 2.60%, 8, 0, 5, 280.14
1620198958, 0, 400, 456, 361, 19, 2.60%, 8, 0, 5, 254.40
1620200488, 0, 400, 458, 363, 19, 2.60%, 8, 0, 5, 259.35
1620200519, 0, 402, 458, 362, 19, 2.60%, 8, 0, 5, 274.55
1620200758, 0, 402, 460, 364, 19, 2.60%, 8, 0, 5, 243.14
