# unix_time, cycles_done, cur_path, paths_total, pending_total, pending_favs, map_size, unique_crashes, unique_hangs, max_depth, execs_per_sec
1620022914, 0, 0, 1, 1, 1, 1.04%, 0, 0, 1, 8.10
1620022920, 0, 0, 26, 26, 1, 1.56%, 0, 0, 2, 187.60
1620022925, 0, 0, 30, 30, 1, 1.56%, 0, 0, 2, 186.43
1620022930, 0, 0, 39, 39, 1, 1.62%, 0, 0, 2, 184.30
1620022945, 0, 0, 46, 46, 1, 1.64%, 0, 0, 2, 146.57
1620022955, 0, 0, 48, 48, 1, 1.64%, 0, 0, 2, 143.76
1620022961, 0, 0, 54, 54, 1, 1.64%, 0, 0, 2, 150.97
1620022966, 0, 0, 66, 66, 1, 1.71%, 0, 0, 2, 155.29
1620022971, 0, 0, 71, 71, 1, 1.72%, 0, 0, 2, 146.38
1620022981, 0, 0, 72, 72, 1, 1.72%, 0, 0, 2, 146.87
1620022986, 0, 0, 74, 74, 1, 1.72%, 0, 0, 2, 141.72
1620022991, 0, 0, 75, 75, 1, 1.72%, 0, 0, 2, 141.18
1620023001, 0, 0, 76, 76, 1, 1.72%, 0, 0, 2, 147.55
1620023022, 0, 0, 77, 77, 1, 1.72%, 0, 0, 2, 148.91
1620023027, 0, 0, 79, 79, 1, 1.72%, 0, 0, 2, 150.51
1620023032, 0, 0, 82, 82, 1, 1.74%, 0, 0, 2, 151.90
1620023042, 0, 0, 83, 83, 1, 1.74%, 0, 0, 2, 147.40
1620023073, 0, 0, 88, 88, 1, 1.74%, 0, 0, 2, 158.64
1620023130, 0, 0, 106, 106, 1, 1.81%, 0, 0, 2, 180.24
1620023135, 0, 0, 110, 110, 1, 1.82%, 0, 0, 2, 161.69
1620023140, 0, 0, 113, 113, 1, 1.82%, 0, 0, 2, 151.27
1620023145, 0, 0, 117, 117, 1, 1.82%, 0, 0, 2, 150.91
1620023150, 0, 0, 118, 118, 1, 1.82%, 0, 0, 2, 148.57
1620023155, 0, 0, 122, 122, 1, 1.82%, 0, 0, 2, 146.12
1620023175, 0, 0, 125, 125, 1, 1.83%, 0, 0, 2, 142.53
1620023191, 0, 0, 126, 126, 1, 1.83%, 0, 0, 2, 142.81
1620023221, 0, 0, 127, 127, 1, 1.83%, 0, 0, 2, 140.95
1620023396, 0, 0, 129, 129, 1, 1.84%, 0, 0, 2, 192.41
1620023411, 0, 0, 136, 136, 1, 1.84%, 0, 0, 2, 178.54
1620023416, 0, 0, 150, 150, 1, 1.85%, 0, 0, 2, 153.34
1620023421, 0, 0, 164, 164, 1, 1.86%, 0, 0, 2, 148.55
1620023426, 0, 0, 172, 172, 1, 1.94%, 0, 0, 2, 147.51
1620023431, 0, 0, 177, 177, 1, 1.94%, 0, 0, 2, 158.31
1620023437, 0, 0, 178, 178, 1, 1.94%, 0, 0, 2, 153.68
1620023472, 0, 0, 182, 182, 1, 1.94%, 0, 0, 2, 148.95
1620023477, 0, 0, 183, 183, 1, 1.94%, 0, 0, 2, 147.88
1620025469, 0, 0, 186, 186, 1, 1.94%, 0, 0, 2, 155.53
1620025490, 0, 0, 189, 189, 1, 1.95%, 0, 0, 2, 146.65
1620025495, 0, 0, 203, 203, 1, 1.95%, 0, 0, 2, 164.20
1620025500, 0, 0, 205, 205, 1, 1.95%, 0, 0, 2, 170.86
1620025505, 0, 0, 208, 208, 1, 1.95%, 0, 0, 2, 174.71
1620025510, 0, 0, 214, 214, 1, 1.95%, 0, 0, 2, 178.77
1620025515, 0, 0, 217, 217, 1, 1.95%, 0, 0, 2, 182.85
1620025520, 0, 0, 220, 220, 1, 1.95%, 0, 0, 2, 179.82
1620025525, 0, 0, 222, 222, 1, 1.95%, 0, 0, 2, 184.23
1620025530, 0, 0, 223, 223, 1, 1.95%, 0, 0, 2, 177.74
1620025535, 0, 0, 226, 226, 1, 1.95%, 0, 0, 2, 175.41
1620025540, 0, 0, 229, 229, 1, 1.95%, 0, 0, 2, 175.36
1620025551, 0, 0, 230, 230, 1, 1.95%, 0, 0, 2, 177.53
1620025556, 0, 0, 231, 231, 1, 1.95%, 0, 0, 2, 173.12
1620025561, 0, 0, 232, 232, 1, 1.95%, 0, 0, 2, 170.48
1620025566, 0, 0, 234, 234, 1, 1.95%, 0, 0, 2, 181.01
1620025571, 0, 0, 235, 235, 1, 1.95%, 0, 0, 2, 177.08
1620025581, 0, 0, 235, 235, 1, 1.95%, 1, 0, 2, 179.10
1620025586, 0, 0, 236, 236, 1, 1.95%, 1, 0, 2, 187.03
1620025591, 0, 0, 237, 237, 1, 1.95%, 1, 0, 2, 174.48
1620025601, 0, 0, 239, 239, 1, 1.95%, 1, 0, 2, 179.78
1620025606, 0, 0, 240, 240, 1, 1.95%, 1, 0, 2, 191.91
1620025612, 0, 0, 241, 241, 1, 1.95%, 1, 0, 2, 175.39
1620025622, 0, 0, 242, 242, 1, 1.95%, 1, 0, 2, 172.88
1620025632, 0, 0, 243, 243, 1, 1.95%, 1, 0, 2, 173.92
1620025642, 0, 0, 244, 244, 1, 1.95%, 1, 0, 2, 174.59
1620025647, 0, 0, 246, 246, 1, 2.28%, 1, 0, 2, 181.21
1620025652, 0, 0, 247, 247, 1, 2.28%, 1, 0, 2, 181.85
1620025662, 0, 0, 249, 249, 1, 2.28%, 1, 0, 2, 180.43
1620025667, 0, 0, 250, 250, 1, 2.28%, 1, 0, 2, 176.16
1620025672, 0, 0, 251, 251, 1, 2.28%, 1, 0, 2, 180.87
1620025677, 0, 1, 251, 250, 55, 2.28%, 1, 0, 2, 182.70
1620025774, 0, 4, 251, 249, 53, 2.28%, 1, 0, 2, 254.16
1620025789, 0, 4, 252, 250, 53, 2.29%, 1, 0, 3, 197.37
1620025912, 0, 13, 252, 249, 52, 2.29%, 1, 0, 3, 216.96
1620026049, 0, 14, 252, 248, 51, 2.29%, 1, 0, 3, 221.93
1620026055, 0, 14, 253, 249, 51, 2.30%, 1, 0, 3, 178.18
1620026095, 0, 14, 254, 250, 51, 2.30%, 1, 0, 3, 149.71
1620026146, 0, 14, 255, 251, 51, 2.30%, 1, 0, 3, 159.90
1620026187, 0, 16, 255, 250, 49, 2.30%, 1, 0, 3, 217.66
1620026319, 0, 17, 255, 249, 48, 2.30%, 1, 0, 3, 257.69
1620026457, 0, 18, 255, 248, 47, 2.30%, 1, 0, 3, 214.32
1620029061, 0, 23, 255, 247, 46, 2.30%, 1, 0, 3, 154.61
1620029450, 0, 23, 256, 248, 46, 2.31%, 1, 0, 3, 144.48
1620029563, 0, 23, 257, 249, 46, 2.31%, 1, 0, 3, 153.53
1620031615, 0, 23, 258, 250, 46, 2.31%, 1, 0, 3, 174.38
1620031621, 0, 23, 259, 251, 46, 2.31%, 1, 0, 3, 175.33
1620031626, 0, 23, 261, 253, 46, 2.32%, 1, 0, 3, 179.07
1620031651, 0, 23, 262, 254, 46, 2.32%, 1, 0, 3, 172.68
1620031656, 0, 23, 263, 255, 46, 2.32%, 1, 0, 3, 171.38
1620031671, 0, 23, 264, 256, 46, 2.32%, 1, 0, 3, 174.55
1620031676, 0, 23, 265, 257, 46, 2.32%, 1, 0, 3, 176.14
1620031686, 0, 23, 266, 258, 46, 2.32%, 1, 0, 3, 177.23
1620031691, 0, 23, 266, 258, 46, 2.32%, 2, 0, 3, 173.02
1620031707, 0, 23, 267, 259, 46, 2.32%, 2, 0, 3, 174.73
1620031712, 0, 23, 268, 260, 46, 2.32%, 2, 0, 3, 173.85
1620031717, 0, 23, 269, 261, 46, 2.32%, 2, 0, 3, 168.86
1620031722, 0, 23, 270, 262, 46, 2.32%, 2, 0, 3, 178.81
1620031727, 0, 23, 271, 263, 46, 2.32%, 2, 0, 3, 178.69
1620031737, 0, 23, 273, 265, 46, 2.32%, 2, 0, 3, 179.01
1620031747, 0, 23, 274, 266, 46, 2.32%, 2, 0, 3, 181.00
1620031752, 0, 23, 275, 267, 46, 2.33%, 2, 0, 3, 183.32
1620031768, 0, 23, 276, 268, 46, 2.33%, 2, 0, 3, 188.16
1620031773, 0, 23, 277, 269, 46, 2.33%, 2, 0, 3, 179.98
1620031798, 0, 30, 277, 268, 47, 2.33%, 2, 0, 3, 160.48
1620032254, 0, 30, 278, 269, 47, 2.34%, 2, 0, 3, 155.42
1620032259, 0, 30, 279, 270, 47, 2.34%, 2, 0, 3, 160.76
1620034114, 0, 31, 279, 269, 47, 2.34%, 2, 0, 3, 172.31
1620034317, 0, 31, 280, 270, 47, 2.34%, 2, 0, 3, 161.70
1620036403, 0, 32, 281, 270, 46, 2.34%, 2, 0, 3, 182.92
1620036536, 0, 36, 281, 269, 46, 2.34%, 2, 0, 3, 224.31
1620036541, 0, 36, 282, 270, 46, 2.34%, 2, 0, 3, 173.98
1620036674, 0, 42, 282, 269, 45, 2.34%, 2, 0, 3, 197.98
1620036807, 0, 44, 282, 268, 44, 2.34%, 2, 0, 3, 234.41
1620036939, 0, 44, 283, 269, 44, 2.34%, 2, 0, 3, 214.64
1620036945, 0, 47, 283, 268, 44, 2.34%, 2, 0, 3, 281.26
1620036960, 0, 47, 284, 269, 44, 2.34%, 2, 0, 3, 139.61
1620037344, 0, 47, 285, 270, 44, 2.35%, 2, 0, 3, 143.79
1620039540, 0, 55, 286, 270, 45, 2.35%, 2, 0, 3, 182.90
1620039678, 0, 56, 286, 269, 45, 2.35%, 2, 0, 3, 239.58
1620039718, 0, 56, 287, 270, 45, 2.35%, 2, 0, 3, 146.66
1620039814, 0, 61, 288, 270, 44, 2.35%, 3, 0, 3, 228.30
1620039820, 0, 61, 289, 271, 44, 2.35%, 3, 0, 3, 172.33
1620039850, 0, 61, 290, 272, 44, 2.36%, 3, 0, 3, 165.47
1620039855, 0, 61, 291, 273, 44, 2.36%, 3, 0, 3, 162.91
1620039865, 0, 61, 293, 275, 44, 2.36%, 3, 0, 3, 166.12
1620039942, 0, 61, 294, 276, 44, 2.36%, 3, 0, 3, 149.55
1620039952, 0, 65, 294, 275, 45, 2.36%, 3, 0, 3, 229.15
1620040084, 0, 67, 294, 274, 44, 2.36%, 3, 0, 3, 226.23
1620040682, 0, 67, 298, 278, 44, 2.37%, 3, 0, 3, 144.28
1620042673, 0, 67, 299, 279, 44, 2.37%, 3, 0, 3, 178.15
1620042678, 0, 68, 299, 278, 45, 2.37%, 3, 0, 3, 180.12
1620042739, 0, 68, 300, 279, 45, 2.37%, 3, 0, 3, 147.48
1620045224, 0, 73, 300, 278, 45, 2.37%, 3, 0, 3, 165.22
1620045301, 0, 73, 301, 279, 45, 2.37%, 3, 0, 3, 143.99
1620047771, 0, 76, 301, 278, 45, 2.37%, 3, 0, 3, 174.19
1620047898, 0, 76, 302, 279, 45, 2.37%, 3, 0, 3, 144.35
1620050310, 0, 76, 303, 280, 45, 2.37%, 3, 0, 3, 172.23
1620050320, 0, 81, 303, 279, 44, 2.37%, 3, 0, 3, 206.23
1620050417, 0, 101, 304, 279, 43, 2.37%, 3, 0, 3, 217.61
1620050671, 0, 101, 305, 280, 43, 2.37%, 3, 0, 3, 169.20
1620050721, 0, 101, 306, 281, 43, 2.37%, 3, 0, 3, 166.79
1620050726, 0, 101, 307, 282, 43, 2.37%, 3, 0, 3, 163.54
1620051512, 0, 101, 308, 283, 43, 2.37%, 3, 0, 3, 214.75
1620051517, 0, 101, 309, 284, 43, 2.37%, 3, 0, 3, 221.19
1620051527, 0, 101, 310, 285, 43, 2.37%, 3, 0, 3, 215.41
1620051537, 0, 101, 311, 286, 43, 2.37%, 3, 0, 3, 214.76
1620051542, 0, 101, 312, 287, 43, 2.37%, 3, 0, 3, 214.48
1620051552, 0, 101, 313, 288, 43, 2.37%, 3, 0, 3, 221.10
1620051558, 0, 101, 314, 289, 43, 2.37%, 3, 0, 3, 216.70
1620051573, 0, 101, 316, 291, 43, 2.37%, 3, 0, 3, 221.21
1620051618, 0, 101, 318, 293, 43, 2.37%, 3, 0, 3, 218.44
1620051628, 0, 101, 319, 294, 43, 2.37%, 3, 0, 3, 221.02
1620051653, 0, 101, 320, 295, 43, 2.37%, 3, 0, 3, 209.19
1620051664, 0, 104, 320, 294, 41, 2.37%, 3, 0, 3, 227.07
1620051669, 0, 104, 321, 295, 41, 2.37%, 3, 0, 3, 16.63
1620051674, 0, 104, 321, 295, 41, 2.37%, 4, 0, 3, 226.87
1620051700, 0, 104, 322, 296, 41, 2.37%, 4, 0, 3, 165.45
1620051766, 0, 104, 323, 297, 41, 2.37%, 4, 0, 3, 15.38
1620051771, 0, 104, 324, 298, 41, 2.37%, 4, 0, 3, 93.24
1620051776, 0, 104, 325, 299, 41, 2.37%, 4, 0, 3, 126.45
1620051781, 0, 104, 328, 302, 41, 2.38%, 4, 0, 3, 16.11
1620051817, 0, 104, 329, 303, 41, 2.39%, 4, 0, 3, 22.89
1620051822, 0, 104, 330, 304, 41, 2.39%, 4, 0, 3, 18.25
1620051827, 0, 104, 331, 305, 41, 2.43%, 4, 0, 3, 20.53
1620051898, 0, 122, 331, 304, 44, 2.43%, 4, 0, 3, 182.08
1620052102, 0, 122, 332, 305, 44, 2.43%, 4, 0, 3, 145.84
1620054426, 0, 123, 332, 304, 44, 2.43%, 4, 0, 3, 164.45
1620054813, 0, 123, 333, 305, 44, 2.43%, 4, 0, 3, 144.49
1620056969, 0, 128, 333, 304, 43, 2.43%, 4, 0, 3, 164.54
1620056994, 0, 128, 334, 305, 43, 2.45%, 4, 0, 3, 207.89
1620057178, 0, 140, 334, 304, 43, 2.45%, 4, 0, 3, 253.19
1620057188, 0, 140, 335, 305, 43, 2.45%, 4, 0, 3, 165.14
1620057330, 0, 140, 336, 306, 43, 2.45%, 4, 0, 3, 15.75
1620057366, 0, 140, 337, 307, 43, 2.51%, 4, 0, 3, 18.02
1620057540, 0, 140, 338, 308, 43, 2.51%, 4, 0, 3, 222.06
1620057545, 0, 142, 338, 307, 44, 2.51%, 4, 0, 3, 246.04
1620057606, 0, 142, 339, 308, 44, 2.51%, 4, 0, 3, 166.73
1620057617, 0, 142, 340, 309, 44, 2.51%, 4, 0, 3, 152.06
1620057692, 0, 142, 341, 310, 44, 2.51%, 4, 0, 3, 158.10
1620057794, 0, 165, 341, 309, 44, 2.51%, 4, 0, 3, 203.57
1620057830, 0, 165, 341, 309, 44, 2.51%, 5, 0, 3, 158.44
1620057855, 0, 165, 342, 310, 44, 2.51%, 5, 0, 3, 159.88
1620058044, 0, 165, 343, 311, 44, 2.51%, 5, 0, 3, 251.85
1620058049, 0, 169, 343, 310, 43, 2.51%, 5, 0, 3, 225.29
1620058110, 0, 169, 344, 311, 43, 2.51%, 5, 0, 3, 146.12
1620058115, 0, 169, 345, 312, 43, 2.51%, 5, 0, 3, 138.52
1620058136, 0, 169, 346, 313, 43, 2.51%, 5, 0, 3, 141.96
1620058146, 0, 169, 347, 314, 43, 2.51%, 5, 0, 3, 138.52
1620058693, 0, 169, 348, 315, 43, 2.51%, 5, 0, 3, 146.11
1620058714, 0, 169, 349, 316, 43, 2.51%, 5, 0, 3, 156.28
1620060780, 0, 169, 350, 317, 43, 2.51%, 5, 0, 3, 143.13
1620060820, 0, 169, 352, 319, 43, 2.52%, 5, 0, 3, 170.64
1620060825, 0, 169, 354, 321, 43, 2.52%, 5, 0, 3, 173.70
1620060835, 0, 169, 356, 323, 43, 2.52%, 5, 0, 3, 166.71
1620060855, 0, 169, 357, 324, 43, 2.53%, 5, 0, 3, 172.93
1620060870, 0, 169, 358, 325, 43, 2.53%, 5, 0, 3, 165.54
1620060886, 0, 169, 359, 326, 43, 2.53%, 5, 0, 3, 164.67
1620060911, 0, 169, 360, 327, 43, 2.53%, 5, 0, 3, 175.31
1620060947, 0, 169, 362, 329, 43, 2.53%, 5, 0, 3, 218.12
1620060967, 0, 169, 362, 329, 43, 2.53%, 6, 0, 3, 255.68
1620060987, 0, 171, 362, 328, 46, 2.53%, 6, 0, 3, 232.37
1620061155, 0, 171, 363, 329, 46, 2.53%, 6, 0, 3, 231.36
1620061344, 0, 171, 364, 330, 46, 2.63%, 6, 0, 3, 237.80
1620062846, 0, 187, 364, 329, 46, 2.63%, 6, 0, 3, 256.87
1620062937, 0, 196, 364, 328, 45, 2.63%, 6, 0, 3, 315.36
1620063499, 0, 201, 364, 327, 44, 2.63%, 6, 0, 3, 269.14
1620063734, 0, 234, 365, 327, 43, 2.63%, 6, 0, 3, 273.11
1620063739, 0, 234, 367, 329, 43, 2.63%, 6, 0, 3, 232.01
1620063934, 0, 234, 368, 330, 43, 2.64%, 6, 0, 3, 219.77
1620065488, 0, 234, 369, 331, 43, 2.64%, 6, 0, 3, 241.34
1620065498, 0, 235, 369, 330, 43, 2.64%, 6, 0, 3, 281.82
1620065554, 0, 235, 370, 331, 43, 2.64%, 6, 0, 3, 279.74
1620065696, 0, 245, 372, 332, 42, 2.65%, 6, 0, 3, 324.51
1620065702, 0, 245, 375, 335, 42, 2.65%, 6, 0, 3, 269.51
1620065707, 0, 245, 376, 336, 42, 2.65%, 6, 0, 3, 223.15
1620065904, 0, 247, 376, 335, 43, 2.65%, 6, 0, 3, 354.37
1620066102, 0, 249, 376, 334, 42, 2.65%, 6, 0, 3, 341.50
1620066173, 0, 249, 377, 335, 42, 2.65%, 6, 0, 3, 279.91
1620066285, 0, 251, 377, 334, 41, 2.65%, 6, 0, 3, 692.71
1620066571, 0, 252, 378, 334, 40, 2.65%, 6, 0, 4, 327.32
1620066627, 0, 252, 379, 335, 40, 2.65%, 6, 0, 4, 274.66
1620066642, 0, 260, 379, 334, 41, 2.65%, 6, 0, 4, 377.57
1620066698, 0, 260, 380, 335, 41, 2.65%, 6, 0, 4, 306.79
1620066739, 0, 273, 380, 334, 41, 2.65%, 6, 0, 4, 321.02
1620066744, 0, 273, 382, 336, 41, 2.65%, 6, 0, 4, 293.83
1620068116, 0, 273, 383, 337, 41, 2.65%, 6, 0, 4, 323.55
1620068121, 0, 275, 383, 336, 41, 2.65%, 6, 0, 4, 298.22
1620068968, 0, 275, 386, 339, 41, 2.65%, 6, 0, 4, 354.80
1620068973, 0, 275, 387, 340, 41, 2.65%, 6, 0, 4, 347.50
1620068998, 0, 275, 388, 341, 41, 2.65%, 6, 0, 4, 366.57
1620069004, 0, 275, 389, 342, 41, 2.65%, 6, 0, 4, 370.95
1620069054, 0, 276, 389, 341, 42, 2.65%, 6, 0, 4, 362.12
1620069150, 0, 280, 389, 340, 41, 2.65%, 6, 0, 4, 387.40
1620069226, 0, 281, 389, 339, 40, 2.65%, 6, 0, 4, 337.46
1620069297, 0, 282, 389, 338, 39, 2.65%, 6, 0, 4, 382.62
1620069576, 0, 284, 389, 337, 38, 2.65%, 6, 0, 4, 330.79
1620069587, 0, 284, 390, 338, 38, 2.65%, 6, 0, 4, 258.70
1620070994, 0, 284, 391, 339, 38, 2.65%, 6, 0, 4, 300.94
1620070999, 0, 284, 393, 341, 38, 2.65%, 6, 0, 4, 329.80
1620071004, 0, 284, 394, 342, 38, 2.65%, 6, 0, 4, 324.01
1620071045, 0, 285, 395, 342, 38, 2.65%, 6, 0, 4, 332.06
1620071116, 0, 285, 397, 344, 38, 2.65%, 6, 0, 4, 459.42
1620071121, 0, 288, 397, 343, 38, 2.65%, 6, 0, 4, 491.85
1620071126, 0, 288, 397, 343, 38, 2.65%, 7, 0, 4, 365.11
1620071197, 0, 294, 398, 343, 37, 2.65%, 7, 0, 4, 415.81
1620071207, 0, 294, 399, 344, 37, 2.66%, 7, 0, 4, 231.04
1620072645, 0, 294, 401, 346, 37, 2.66%, 7, 0, 4, 306.04
1620072655, 0, 295, 408, 352, 37, 2.66%, 7, 0, 4, 291.09
1620072792, 0, 295, 410, 354, 37, 2.66%, 7, 0, 4, 272.20
1620073031, 0, 295, 412, 356, 37, 2.66%, 7, 0, 4, 262.49
1620074113, 0, 295, 413, 357, 37, 2.66%, 7, 0, 4, 317.41
1620074119, 0, 296, 413, 356, 40, 2.66%, 7, 0, 4, 299.13
1620075613, 0, 296, 414, 357, 40, 2.67%, 7, 0, 4, 299.63
1620075618, 0, 297, 414, 356, 40, 2.67%, 7, 0, 4, 281.03
1620077137, 0, 297, 415, 357, 40, 2.67%, 7, 0, 4, 315.61
1620077142, 0, 299, 415, 356, 40, 2.67%, 7, 0, 4, 302.69
1620077183, 0, 299, 416, 357, 40, 2.67%, 7, 0, 4, 282.19
1620078564, 0, 299, 417, 358, 40, 2.67%, 7, 0, 4, 307.31
1620078570, 0, 300, 417, 357, 40, 2.67%, 7, 0, 4, 299.31
1620080037, 0, 303, 417, 356, 39, 2.67%, 7, 0, 4, 282.34
1620080651, 0, 316, 417, 355, 38, 2.67%, 7, 0, 4, 306.81
1620081264, 0, 320, 417, 354, 37, 2.67%, 7, 0, 4, 315.05
1620081340, 0, 322, 417, 353, 36, 2.67%, 7, 0, 4, 389.08
1620081493, 0, 322, 418, 354, 36, 2.67%, 7, 0, 4, 19.31
1620081805, 0, 326, 420, 355, 35, 2.67%, 7, 0, 4, 33.62
1620081958, 0, 326, 421, 356, 35, 2.67%, 7, 0, 4, 17.36
1620082285, 0, 328, 421, 355, 34, 2.67%, 7, 0, 4, 15.90
1620083272, 0, 328, 422, 356, 34, 2.68%, 7, 0, 4, 16.67
1620083283, 0, 328, 423, 357, 34, 2.68%, 7, 0, 4, 18.39
1620083288, 0, 328, 425, 359, 34, 2.70%, 7, 0, 4, 20.29
1620083298, 0, 328, 426, 360, 34, 2.71%, 7, 0, 4, 94.53
1620083375, 0, 330, 426, 359, 35, 2.71%, 7, 0, 4, 17.36
1620084523, 0, 331, 426, 358, 34, 2.71%, 7, 0, 4, 337.18
1620084625, 0, 331, 427, 359, 34, 2.71%, 7, 0, 4, 442.86
1620085365, 0, 332, 427, 358, 34, 2.71%, 7, 0, 4, 448.55
1620085550, 0, 332, 428, 359, 34, 2.71%, 7, 0, 4, 436.78
1620086209, 0, 333, 429, 359, 34, 2.71%, 7, 0, 4, 536.89
1620086261, 0, 335, 429, 358, 34, 2.71%, 7, 0, 4, 16.67
1620087048, 0, 336, 429, 357, 33, 2.71%, 7, 0, 4, 486.76
1620087058, 0, 336, 430, 358, 33, 2.71%, 7, 0, 4, 16.87
1620087155, 0, 336, 431, 359, 33, 2.71%, 7, 0, 4, 303.88
1620087191, 0, 336, 432, 360, 33, 2.71%, 7, 0, 4, 246.92
1620087991, 0, 336, 433, 361, 33, 2.71%, 7, 0, 4, 22.31
1620088021, 0, 336, 434, 362, 33, 2.71%, 7, 0, 4, 18.91
1620088026, 0, 336, 435, 363, 33, 2.71%, 7, 0, 4, 478.50
1620088031, 0, 336, 436, 364, 33, 2.71%, 7, 0, 4, 459.71
1620088082, 0, 342, 436, 363, 34, 2.71%, 8, 0, 4, 442.59
1620088088, 0, 342, 437, 364, 34, 2.71%, 8, 0, 4, 584.40
1620088103, 0, 342, 438, 365, 34, 2.71%, 8, 0, 4, 454.72
1620088123, 0, 342, 439, 366, 34, 2.71%, 8, 0, 4, 451.02
1620088164, 0, 350, 439, 365, 34, 2.71%, 8, 0, 4, 548.76
1620088990, 0, 356, 442, 367, 33, 2.71%, 8, 0, 4, 470.86
1620089000, 0, 356, 443, 368, 33, 2.71%, 8, 0, 4, 457.26
1620089051, 0, 356, 446, 371, 33, 2.71%, 8, 0, 4, 457.81
1620089082, 0, 356, 447, 372, 33, 2.71%, 8, 0, 4, 508.98
1620089384, 0, 363, 447, 371, 33, 2.71%, 8, 0, 4, 95.16
1620089736, 0, 363, 448, 372, 33, 2.71%, 8, 0, 4, 75.36
1620089936, 0, 363, 449, 373, 33, 2.71%, 8, 0, 4, 19.27
1620089941, 0, 363, 450, 374, 33, 2.71%, 8, 0, 4, 21.97
1620091602, 0, 365, 453, 376, 35, 2.71%, 8, 0, 4, 344.17
1620091725, 0, 365, 454, 377, 35, 2.73%, 8, 0, 4, 453.82
1620092470, 0, 367, 455, 377, 35, 2.73%, 8, 0, 4, 477.94
1620092520, 0, 367, 456, 378, 35, 2.73%, 8, 0, 4, 462.15
1620092689, 0, 367, 460, 382, 35, 2.73%, 8, 0, 4, 520.49
1620093454, 0, 369, 460, 381, 35, 2.73%, 8, 0, 4, 564.93
1620093581, 0, 372, 460, 380, 34, 2.73%, 8, 0, 4, 575.42
1620093703, 0, 374, 460, 379, 33, 2.73%, 8, 0, 4, 490.30
1620093821, 0, 377, 461, 379, 32, 2.73%, 8, 0, 5, 540.86
1620093867, 0, 379, 462, 379, 32, 2.73%, 8, 0, 5, 628.91
1620093949, 0, 379, 463, 380, 32, 2.73%, 8, 0, 5, 866.45
1620093954, 0, 382, 463, 379, 33, 2.73%, 8, 0, 5, 541.96
1620093959, 0, 382, 464, 380, 33, 2.73%, 8, 0, 5, 459.60
1620094816, 0, 382, 466, 382, 33, 2.73%, 8, 0, 5, 473.94
1620094842, 0, 383, 466, 381, 33, 2.73%, 8, 0, 5, 484.20
1620095352, 0, 388, 466, 380, 32, 2.73%, 8, 0, 5, 562.78
1620095629, 0, 388, 467, 381, 32, 2.73%, 8, 0, 5, 598.38
1620095634, 0, 388, 468, 382, 32, 2.73%, 8, 0, 5, 657.68
1620095649, 0, 389, 468, 381, 32, 2.73%, 8, 0, 5, 552.44
1620096416, 0, 396, 468, 380, 31, 2.73%, 8, 0, 5, 541.10
1620096482, 0, 396, 469, 381, 31, 2.73%, 8, 0, 5, 779.03
1620096487, 0, 397, 469, 380, 30, 2.73%, 8, 0, 5, 608.49
1620096538, 0, 397, 470, 381, 30, 2.73%, 8, 0, 5, 731.91
1620096543, 0, 400, 470, 380, 29, 2.73%, 8, 0, 5, 628.81
1620097278, 0, 400, 471, 381, 29, 2.73%, 8, 0, 5, 556.34
1620097288, 0, 401, 471, 380, 28, 2.73%, 8, 0, 5, 535.89
1620098155, 0, 401, 472, 381, 28, 2.73%, 8, 0, 5, 487.53
1620098165, 0, 409, 472, 380, 28, 2.73%, 8, 0, 5, 511.14
1620099105, 0, 410, 473, 380, 27, 2.73%, 8, 0, 5, 452.08
1620099147, 0, 410, 474, 381, 27, 2.73%, 8, 0, 5, 453.78
1620099192, 0, 410, 476, 383, 27, 2.73%, 8, 0, 5, 442.63
1620099341, 0, 410, 478, 385, 27, 2.73%, 8, 0, 5, 453.28
1620100009, 0, 410, 479, 386, 27, 2.73%, 8, 0, 5, 485.78
1620100019, 0, 411, 479, 385, 29, 2.73%, 8, 0, 5, 545.13
1620100024, 0, 411, 480, 386, 29, 2.74%, 8, 0, 5, 475.76
1620100938, 0, 411, 481, 387, 29, 2.74%, 8, 0, 5, 529.63
1620100943, 0, 411, 483, 389, 29, 2.74%, 8, 0, 5, 547.12
1620100984, 0, 413, 483, 388, 29, 2.74%, 8, 0, 5, 483.37
1620101873, 0, 413, 484, 389, 29, 2.74%, 8, 0, 5, 500.12
1620101883, 0, 414, 484, 388, 29, 2.74%, 8, 0, 5, 518.16
1620102901, 0, 414, 485, 389, 29, 2.74%, 8, 0, 5, 511.41
1620102912, 0, 424, 485, 388, 29, 2.74%, 8, 0, 5, 17.82
1620102917, 0, 424, 486, 389, 29, 2.74%, 8, 0, 5, 17.32
1620102983, 0, 424, 488, 391, 29, 2.75%, 8, 0, 5, 26.13
1620103055, 0, 424, 489, 392, 29, 2.76%, 8, 0, 5, 82.18
1620103884, 0, 424, 490, 393, 29, 2.76%, 8, 0, 5, 424.56
1620103946, 0, 426, 490, 392, 32, 2.76%, 8, 0, 5, 389.73
1620104058, 0, 426, 491, 393, 32, 2.76%, 8, 0, 5, 451.90
1620104792, 0, 427, 491, 392, 31, 2.76%, 8, 0, 5, 500.25
1620104894, 0, 427, 492, 393, 31, 2.76%, 8, 0, 5, 435.81
1620105528, 0, 427, 493, 394, 31, 2.76%, 8, 0, 5, 452.12
1620105696, 0, 428, 493, 393, 32, 2.76%, 8, 0, 5, 503.14
1620105757, 0, 429, 493, 392, 31, 2.76%, 8, 0, 5, 16.67
1620106813, 0, 430, 493, 391, 30, 2.76%, 8, 0, 5, 19.41
1620107837, 0, 432, 493, 390, 28, 2.76%, 8, 0, 5, 18.76
1620107909, 0, 432, 494, 391, 28, 2.76%, 8, 0, 5, 349.68
1620108803, 0, 432, 495, 392, 28, 2.76%, 8, 0, 5, 20.51
1620108926, 0, 435, 495, 391, 27, 2.76%, 8, 0, 5, 31.42
1620108936, 0, 435, 496, 392, 27, 2.76%, 8, 0, 5, 16.84
1620110169, 0, 435, 497, 393, 27, 2.76%, 8, 0, 5, 459.57
1620110246, 0, 436, 497, 392, 27, 2.76%, 8, 0, 5, 367.04
1620110333, 0, 442, 497, 391, 26, 2.76%, 8, 0, 5, 658.35
1620110343, 0, 442, 498, 392, 26, 2.76%, 8, 0, 5, 500.37
1620110737, 0, 442, 499, 393, 26, 2.76%, 8, 0, 5, 586.28
1620110747, 0, 448, 499, 392, 26, 2.76%, 8, 0, 5, 522.39
