# unix_time, cycles_done, cur_path, paths_total, pending_total, pending_favs, map_size, unique_crashes, unique_hangs, max_depth, execs_per_sec
1612232082, 0, 0, 2, 2, 2, 0.81%, 0, 0, 1, 18.29
1612232087, 0, 0, 5, 5, 2, 0.83%, 0, 0, 2, 13.71
1612232092, 0, 0, 6, 6, 2, 0.83%, 0, 0, 2, 13.71
1612232201, 0, 0, 7, 7, 2, 0.83%, 0, 0, 2, 187.04
1612232252, 0, 0, 8, 8, 2, 0.83%, 0, 0, 2, 14.41
1612232314, 0, 0, 9, 9, 2, 0.83%, 0, 0, 2, 13.93
1612232375, 0, 0, 10, 10, 2, 0.83%, 0, 0, 2, 13.78
1612232442, 0, 0, 11, 11, 2, 0.83%, 0, 0, 2, 13.94
1612232519, 0, 0, 12, 12, 2, 0.83%, 0, 0, 2, 13.82
1612232718, 0, 0, 13, 13, 2, 0.84%, 0, 0, 2, 16.32
1612233248, 0, 0, 23, 23, 2, 0.86%, 0, 0, 2, 19.86
1612233613, 0, 0, 24, 24, 2, 0.86%, 0, 0, 2, 14.14
1612233623, 0, 0, 25, 25, 2, 0.87%, 0, 0, 2, 13.91
1612234166, 0, 0, 26, 26, 2, 0.87%, 0, 0, 2, 15.51
1612234360, 0, 0, 27, 27, 2, 0.88%, 0, 0, 2, 16.62
1612234412, 0, 0, 28, 28, 2, 0.88%, 0, 0, 2, 31.65
1612234417, 0, 0, 29, 29, 2, 0.88%, 0, 0, 2, 238.60
1612234432, 0, 0, 39, 39, 2, 0.97%, 1, 0, 2, 135.28
1612234437, 0, 0, 47, 47, 2, 1.34%, 2, 0, 2, 106.56
1612234443, 0, 0, 51, 51, 2, 1.55%, 2, 0, 2, 99.00
1612234448, 0, 0, 59, 59, 2, 1.55%, 2, 0, 2, 97.40
1612234453, 0, 0, 63, 63, 2, 1.55%, 2, 0, 2, 107.92
1612234460, 0, 0, 68, 68, 2, 1.63%, 2, 0, 2, 1.53
1612234483, 0, 0, 71, 71, 2, 1.63%, 2, 0, 2, 84.70
1612234488, 0, 0, 74, 74, 2, 1.81%, 2, 0, 2, 101.48
1612234493, 0, 0, 79, 79, 2, 1.81%, 2, 0, 2, 144.95
1612236781, 0, 0, 80, 80, 2, 1.81%, 2, 0, 2, 13.83
1612236812, 0, 0, 81, 81, 2, 1.82%, 2, 0, 2, 13.80
1612256760, 0, 0, 82, 82, 2, 1.82%, 2, 0, 2, 26.42
1612256776, 0, 1, 82, 81, 38, 1.82%, 2, 0, 2, 181.95
1612257031, 0, 1, 84, 83, 38, 1.82%, 2, 0, 2, 123.01
1612257297, 0, 1, 85, 84, 38, 1.82%, 2, 0, 2, 94.81
1612257338, 0, 1, 85, 84, 38, 1.82%, 3, 0, 2, 174.69
1612257343, 0, 1, 86, 85, 38, 1.83%, 3, 0, 2, 102.98
1612261338, 0, 1, 87, 86, 38, 1.83%, 3, 0, 2, 136.84
1612261343, 0, 1, 88, 87, 38, 1.83%, 3, 0, 2, 164.14
1612261348, 0, 1, 89, 88, 38, 1.83%, 3, 0, 2, 174.39
1612261353, 0, 1, 90, 89, 38, 1.83%, 3, 0, 2, 176.93
1612261369, 0, 2, 90, 88, 38, 1.83%, 3, 0, 2, 661.45
1612261435, 0, 3, 90, 87, 37, 1.83%, 3, 0, 2, 766.71
1612261460, 0, 4, 90, 86, 36, 1.83%, 3, 0, 2, 352.76
1612261715, 0, 8, 90, 85, 35, 1.83%, 3, 0, 2, 24.79
1612261781, 0, 8, 93, 88, 35, 1.84%, 4, 0, 3, 212.30
1612262898, 0, 13, 93, 87, 33, 1.84%, 4, 0, 3, 300.32
1612263223, 0, 20, 93, 86, 32, 1.84%, 4, 0, 3, 410.71
1612263259, 0, 20, 95, 88, 32, 1.84%, 4, 0, 3, 132.15
1612263274, 0, 20, 97, 90, 32, 1.84%, 4, 0, 3, 284.50
1612263442, 0, 24, 97, 89, 31, 1.84%, 4, 0, 3, 24.62
1612263912, 0, 24, 97, 89, 31, 1.84%, 5, 0, 3, 169.18
1612264748, 0, 24, 98, 90, 31, 1.84%, 5, 0, 3, 25.06
1612268702, 0, 25, 98, 89, 31, 1.84%, 5, 0, 3, 68.13
1612268943, 0, 25, 98, 89, 31, 1.84%, 6, 0, 3, 408.57
1612269352, 0, 25, 99, 90, 31, 1.84%, 6, 0, 3, 50.33
1612273951, 0, 26, 100, 90, 32, 1.84%, 6, 0, 3, 120.32
1612274098, 0, 26, 101, 91, 32, 1.84%, 6, 0, 3, 49.99
1612274160, 0, 26, 101, 91, 32, 1.84%, 7, 0, 3, 421.94
