# unix_time, cycles_done, cur_path, paths_total, pending_total, pending_favs, map_size, unique_crashes, unique_hangs, max_depth, execs_per_sec
1620112211, 0, 0, 1, 1, 1, 1.04%, 0, 0, 1, 8.52
1620112216, 0, 0, 26, 26, 1, 1.56%, 0, 0, 2, 200.09
1620112221, 0, 0, 30, 30, 1, 1.56%, 0, 0, 2, 200.67
1620112226, 0, 0, 39, 39, 1, 1.62%, 0, 0, 2, 161.64
1620112241, 0, 0, 46, 46, 1, 1.64%, 0, 0, 2, 149.82
1620112251, 0, 0, 47, 47, 1, 1.64%, 0, 0, 2, 148.10
1620112256, 0, 0, 52, 52, 1, 1.64%, 0, 0, 2, 148.56
1620112261, 0, 0, 64, 64, 1, 1.71%, 0, 0, 2, 161.72
1620112266, 0, 0, 70, 70, 1, 1.72%, 0, 0, 2, 148.28
1620112271, 0, 0, 71, 71, 1, 1.72%, 0, 0, 2, 146.40
1620112276, 0, 0, 72, 72, 1, 1.72%, 0, 0, 2, 144.05
1620112282, 0, 0, 74, 74, 1, 1.72%, 0, 0, 2, 143.37
1620112287, 0, 0, 75, 75, 1, 1.72%, 0, 0, 2, 142.15
1620112302, 0, 0, 76, 76, 1, 1.72%, 0, 0, 2, 142.14
1620112317, 0, 0, 77, 77, 1, 1.72%, 0, 0, 2, 150.11
1620112322, 0, 0, 79, 79, 1, 1.72%, 0, 0, 2, 149.82
1620112333, 0, 0, 82, 82, 1, 1.74%, 0, 0, 2, 153.44
1620112338, 0, 0, 83, 83, 1, 1.74%, 0, 0, 2, 157.65
1620112369, 0, 0, 88, 88, 1, 1.74%, 0, 0, 2, 166.46
1620112425, 0, 0, 105, 105, 1, 1.75%, 0, 0, 2, 183.79
1620112430, 0, 0, 119, 119, 1, 1.75%, 0, 0, 2, 152.65
1620112435, 0, 0, 120, 120, 1, 1.75%, 0, 0, 2, 146.05
1620112440, 0, 0, 124, 124, 1, 1.75%, 0, 0, 2, 145.63
1620112446, 0, 0, 126, 126, 1, 1.75%, 0, 0, 2, 143.64
1620112451, 0, 0, 128, 128, 1, 1.75%, 0, 0, 2, 144.38
1620112456, 0, 0, 129, 129, 1, 1.75%, 0, 0, 2, 147.40
1620112512, 0, 0, 130, 130, 1, 1.75%, 0, 0, 2, 150.80
1620112522, 0, 0, 131, 131, 1, 1.76%, 0, 0, 2, 147.84
1620112562, 0, 0, 132, 132, 1, 1.76%, 0, 0, 2, 149.80
1620112609, 0, 0, 133, 133, 1, 1.77%, 0, 0, 2, 146.28
1620112624, 0, 0, 134, 134, 1, 1.77%, 0, 0, 2, 153.50
1620112639, 0, 0, 135, 135, 1, 1.78%, 0, 0, 2, 144.81
1620112690, 0, 0, 137, 137, 1, 1.79%, 0, 0, 2, 189.67
1620112706, 0, 0, 139, 139, 1, 1.79%, 0, 0, 2, 177.06
1620112711, 0, 0, 151, 151, 1, 1.86%, 0, 0, 2, 152.20
1620112716, 0, 0, 164, 164, 1, 1.87%, 0, 0, 2, 141.29
1620112721, 0, 0, 170, 170, 1, 1.95%, 0, 0, 2, 142.42
1620112726, 0, 0, 176, 176, 1, 1.95%, 0, 0, 2, 155.08
1620112736, 0, 0, 177, 177, 1, 1.95%, 0, 0, 2, 167.86
1620112767, 0, 0, 180, 180, 1, 1.95%, 0, 0, 2, 147.77
1620112772, 0, 0, 182, 182, 1, 1.95%, 0, 0, 2, 148.56
1620112787, 0, 0, 183, 183, 1, 1.95%, 0, 0, 2, 144.25
1620114765, 0, 0, 185, 185, 1, 1.95%, 0, 0, 2, 148.33
1620114770, 0, 0, 186, 186, 1, 1.95%, 0, 0, 2, 159.49
1620114791, 0, 0, 199, 199, 1, 1.96%, 0, 0, 2, 162.47
1620114796, 0, 0, 205, 205, 1, 1.96%, 0, 0, 2, 168.87
1620114801, 0, 0, 210, 210, 1, 1.96%, 0, 0, 2, 180.43
1620114806, 0, 0, 212, 212, 1, 1.96%, 0, 0, 2, 181.69
1620114811, 0, 0, 213, 213, 1, 1.96%, 0, 0, 2, 172.51
1620114816, 0, 0, 216, 216, 1, 1.96%, 0, 0, 2, 181.80
1620114821, 0, 0, 218, 218, 1, 1.96%, 0, 0, 2, 177.31
1620114826, 0, 0, 221, 221, 1, 1.96%, 0, 0, 2, 175.58
1620114831, 0, 0, 222, 222, 1, 1.96%, 0, 0, 2, 178.53
1620114836, 0, 0, 224, 224, 1, 1.96%, 0, 0, 2, 176.71
1620114841, 0, 0, 226, 226, 1, 1.96%, 0, 0, 2, 173.58
1620114851, 0, 0, 229, 229, 1, 1.96%, 0, 0, 2, 181.84
1620114856, 0, 0, 230, 230, 1, 1.96%, 0, 0, 2, 179.40
1620114866, 0, 0, 232, 232, 1, 1.96%, 0, 0, 2, 172.05
1620114892, 0, 0, 235, 235, 1, 1.96%, 0, 0, 2, 172.97
1620114907, 0, 0, 236, 236, 1, 1.96%, 0, 0, 2, 170.88
1620114917, 0, 0, 237, 237, 1, 1.96%, 0, 0, 2, 173.29
1620114937, 0, 0, 238, 238, 1, 1.96%, 0, 0, 2, 172.60
1620114942, 0, 0, 239, 239, 1, 1.96%, 0, 0, 2, 179.49
1620114952, 0, 0, 242, 242, 1, 1.96%, 0, 0, 2, 181.53
1620114957, 0, 0, 243, 243, 1, 1.96%, 0, 0, 2, 180.83
1620114962, 0, 0, 244, 244, 1, 1.96%, 0, 0, 2, 177.26
1620114968, 0, 0, 245, 245, 1, 1.96%, 0, 0, 2, 172.94
1620114973, 0, 0, 246, 246, 1, 1.96%, 0, 0, 2, 172.00
1620114978, 0, 1, 246, 245, 56, 1.96%, 0, 0, 2, 205.94
1620115080, 0, 2, 246, 244, 55, 1.96%, 0, 0, 2, 199.40
1620115115, 0, 2, 247, 245, 55, 1.98%, 0, 0, 3, 152.40
1620115212, 0, 4, 247, 244, 54, 1.98%, 0, 0, 3, 220.90
1620115344, 0, 13, 247, 243, 53, 1.98%, 0, 0, 3, 231.70
1620115482, 0, 13, 248, 244, 53, 1.98%, 0, 0, 3, 287.96
1620115487, 0, 14, 249, 244, 52, 1.98%, 0, 0, 3, 231.92
1620115523, 0, 14, 250, 245, 52, 1.99%, 0, 0, 3, 156.82
1620115533, 0, 14, 251, 246, 52, 1.99%, 0, 0, 3, 149.76
1620115579, 0, 14, 252, 247, 52, 1.99%, 0, 0, 3, 146.96
1620115619, 0, 16, 252, 246, 51, 1.99%, 0, 0, 3, 240.89
1620115635, 0, 16, 253, 247, 51, 1.99%, 0, 0, 3, 197.79
1620115640, 0, 16, 254, 248, 51, 1.99%, 0, 0, 3, 312.16
1620115757, 0, 18, 254, 247, 51, 1.99%, 0, 0, 3, 220.58
1620118313, 0, 20, 254, 246, 50, 1.99%, 0, 0, 3, 169.93
1620118531, 0, 20, 255, 247, 50, 1.99%, 0, 0, 3, 148.90
1620120886, 0, 20, 256, 248, 50, 1.99%, 0, 0, 3, 177.65
1620120896, 0, 20, 258, 250, 50, 1.99%, 0, 0, 3, 179.59
1620120901, 0, 20, 259, 251, 50, 1.99%, 0, 0, 3, 181.17
1620120906, 0, 20, 260, 252, 50, 1.99%, 0, 0, 3, 173.49
1620120937, 0, 20, 262, 254, 50, 1.99%, 0, 0, 3, 175.33
1620120942, 0, 20, 264, 256, 50, 1.99%, 0, 0, 3, 171.48
1620120947, 0, 20, 265, 257, 50, 1.99%, 0, 0, 3, 171.78
1620120957, 0, 20, 266, 258, 50, 1.99%, 0, 0, 3, 171.19
1620120967, 0, 20, 267, 259, 50, 1.99%, 0, 0, 3, 178.51
1620120977, 0, 20, 268, 260, 50, 1.99%, 0, 0, 3, 175.04
1620120982, 0, 20, 269, 261, 50, 1.99%, 0, 0, 3, 180.07
1620120987, 0, 20, 270, 262, 50, 1.99%, 0, 0, 3, 177.72
1620121002, 0, 20, 271, 263, 50, 1.99%, 0, 0, 3, 180.03
1620121033, 0, 20, 272, 264, 50, 1.99%, 0, 0, 3, 184.13
1620121063, 0, 20, 273, 265, 50, 1.99%, 0, 0, 3, 174.91
1620121069, 0, 22, 273, 264, 49, 1.99%, 0, 0, 3, 153.75
1620121502, 0, 22, 274, 265, 49, 1.99%, 0, 0, 3, 150.64
1620123678, 0, 23, 274, 264, 49, 1.99%, 0, 0, 3, 160.06
1620124179, 0, 23, 275, 265, 49, 1.99%, 0, 0, 3, 146.64
1620126236, 0, 32, 276, 265, 48, 1.99%, 0, 0, 3, 176.61
1620126241, 0, 32, 277, 266, 48, 1.99%, 0, 0, 3, 171.22
1620126276, 0, 32, 278, 267, 48, 1.99%, 0, 0, 3, 154.57
1620126281, 0, 32, 279, 268, 48, 1.99%, 0, 0, 3, 147.89
1620126367, 0, 42, 279, 267, 48, 1.99%, 0, 0, 3, 254.25
1620126489, 0, 42, 280, 268, 48, 1.99%, 0, 0, 3, 146.64
1620126505, 0, 44, 280, 267, 47, 1.99%, 0, 0, 3, 209.76
1620126510, 0, 44, 282, 269, 47, 2.00%, 0, 0, 3, 185.93
1620126638, 0, 48, 282, 268, 45, 2.00%, 0, 0, 3, 181.51
1620128189, 0, 55, 282, 267, 44, 2.00%, 0, 0, 3, 178.21
1620128194, 0, 55, 283, 268, 44, 2.00%, 0, 0, 3, 172.98
1620128326, 0, 56, 283, 267, 43, 2.00%, 0, 0, 3, 217.49
1620128372, 0, 56, 284, 268, 43, 2.00%, 0, 0, 3, 160.82
1620128463, 0, 57, 284, 267, 43, 2.00%, 0, 0, 3, 203.25
1620128595, 0, 67, 284, 266, 42, 2.00%, 0, 0, 3, 204.96
1620129178, 0, 67, 286, 268, 42, 2.01%, 0, 0, 3, 151.76
1620129183, 0, 67, 288, 270, 42, 2.01%, 0, 0, 3, 144.99
1620131137, 0, 67, 289, 271, 42, 2.01%, 0, 0, 3, 171.14
1620131147, 0, 68, 289, 270, 45, 2.01%, 0, 0, 3, 178.67
1620131209, 0, 68, 290, 271, 45, 2.01%, 0, 0, 3, 148.44
1620133733, 0, 69, 290, 270, 44, 2.01%, 0, 0, 3, 168.06
1620136313, 0, 73, 290, 269, 43, 2.01%, 0, 0, 3, 161.32
1620138822, 0, 78, 290, 268, 42, 2.01%, 0, 0, 3, 172.07
1620139283, 0, 78, 291, 269, 42, 2.03%, 0, 0, 3, 163.17
1620139288, 0, 78, 292, 270, 42, 2.03%, 0, 0, 3, 153.03
1620141143, 0, 78, 293, 271, 42, 2.03%, 0, 0, 3, 189.37
1620141148, 0, 78, 294, 272, 42, 2.03%, 0, 0, 3, 187.90
1620141158, 0, 78, 295, 273, 42, 2.04%, 0, 0, 3, 193.90
1620141183, 0, 79, 295, 272, 44, 2.04%, 0, 0, 3, 202.59
1620141280, 0, 81, 295, 271, 43, 2.04%, 0, 0, 3, 233.43
1620141376, 0, 96, 296, 271, 42, 2.04%, 0, 0, 3, 253.86
1620141498, 0, 96, 297, 272, 42, 2.04%, 0, 0, 3, 177.04
1620141635, 0, 96, 298, 273, 42, 2.04%, 0, 0, 3, 165.69
1620141681, 0, 96, 302, 277, 42, 2.04%, 0, 0, 3, 152.57
1620141686, 0, 96, 303, 278, 42, 2.04%, 0, 0, 3, 148.91
1620142482, 0, 96, 304, 279, 42, 2.04%, 0, 0, 3, 187.54
1620142493, 0, 103, 304, 278, 41, 2.04%, 0, 0, 3, 174.01
1620142498, 0, 103, 305, 279, 41, 2.37%, 1, 0, 3, 173.01
1620142569, 0, 103, 306, 280, 41, 2.37%, 1, 0, 3, 157.67
1620142579, 0, 103, 307, 281, 41, 2.39%, 1, 0, 3, 150.20
1620142584, 0, 103, 308, 282, 41, 2.39%, 1, 0, 3, 153.31
1620142803, 0, 103, 309, 283, 41, 2.39%, 1, 0, 3, 161.24
1620142818, 0, 103, 310, 284, 41, 2.39%, 1, 0, 3, 215.04
1620142823, 0, 103, 310, 284, 41, 2.39%, 2, 0, 3, 262.89
1620142828, 0, 104, 310, 283, 43, 2.39%, 2, 0, 3, 188.89
1620142925, 0, 104, 311, 284, 43, 2.39%, 2, 0, 3, 146.54
1620143148, 0, 112, 311, 283, 43, 2.39%, 2, 0, 3, 210.26
1620143189, 0, 112, 312, 284, 43, 2.39%, 2, 0, 3, 164.29
1620143194, 0, 112, 313, 285, 43, 2.39%, 2, 0, 3, 161.08
1620143280, 0, 130, 313, 284, 42, 2.39%, 2, 0, 3, 224.71
1620143510, 0, 130, 314, 285, 42, 2.39%, 2, 0, 3, 147.05
1620145829, 0, 134, 314, 284, 42, 2.39%, 2, 0, 3, 163.77
1620146176, 0, 134, 315, 285, 42, 2.39%, 2, 0, 3, 155.06
1620148412, 0, 136, 315, 284, 42, 2.39%, 2, 0, 3, 205.33
1620148433, 0, 136, 317, 286, 42, 2.41%, 2, 0, 3, 205.56
1620148621, 0, 145, 320, 288, 42, 2.41%, 2, 0, 3, 94.96
1620148626, 0, 145, 321, 289, 42, 2.41%, 2, 0, 3, 154.34
1620148647, 0, 145, 323, 291, 42, 2.41%, 2, 0, 3, 117.74
1620148662, 0, 145, 324, 292, 42, 2.41%, 2, 0, 3, 99.43
1620148688, 0, 145, 325, 293, 42, 2.41%, 2, 0, 3, 154.78
1620148743, 0, 145, 326, 294, 42, 2.41%, 2, 0, 3, 150.89
1620148753, 0, 145, 328, 296, 42, 2.41%, 2, 0, 3, 69.40
1620148769, 0, 145, 329, 297, 42, 2.49%, 2, 0, 3, 38.52
1620148835, 0, 145, 330, 298, 42, 2.49%, 2, 0, 3, 38.31
1620148957, 0, 168, 330, 297, 45, 2.49%, 2, 0, 3, 193.29
1620148972, 0, 168, 331, 298, 45, 2.50%, 2, 0, 3, 145.54
1620149019, 0, 168, 332, 299, 45, 2.50%, 2, 0, 3, 146.59
1620149024, 0, 168, 333, 300, 45, 2.50%, 2, 0, 3, 144.28
1620149039, 0, 168, 334, 301, 45, 2.50%, 2, 0, 3, 145.77
1620149489, 0, 168, 335, 302, 45, 2.51%, 2, 0, 3, 148.12
1620149597, 0, 168, 336, 303, 45, 2.51%, 2, 0, 3, 148.88
1620149612, 0, 168, 337, 304, 45, 2.51%, 2, 0, 3, 142.36
1620151701, 0, 168, 340, 307, 45, 2.51%, 2, 0, 3, 161.16
1620151706, 0, 168, 342, 309, 45, 2.51%, 2, 0, 3, 168.81
1620151711, 0, 168, 343, 310, 45, 2.51%, 2, 0, 3, 173.64
1620151721, 0, 168, 344, 311, 45, 2.51%, 2, 0, 3, 175.34
1620151761, 0, 168, 345, 312, 45, 2.51%, 2, 0, 3, 178.40
1620151787, 0, 168, 346, 313, 45, 2.51%, 2, 0, 3, 185.35
1620151797, 0, 168, 347, 314, 45, 2.51%, 2, 0, 3, 179.91
1620151802, 0, 168, 348, 315, 45, 2.51%, 2, 0, 3, 174.29
1620151818, 0, 168, 349, 316, 45, 2.51%, 2, 0, 3, 169.62
1620151828, 0, 168, 350, 317, 45, 2.51%, 2, 0, 3, 180.43
1620151833, 0, 168, 351, 318, 45, 2.51%, 2, 0, 3, 173.16
1620151863, 0, 168, 351, 318, 45, 2.51%, 3, 0, 3, 176.82
1620151884, 0, 170, 352, 318, 48, 2.52%, 3, 0, 3, 178.83
1620152427, 0, 170, 353, 319, 48, 2.64%, 3, 0, 3, 147.47
1620154050, 0, 188, 353, 318, 45, 2.64%, 3, 0, 3, 253.28
1620154325, 0, 194, 353, 317, 44, 2.64%, 3, 0, 3, 287.01
1620154875, 0, 213, 353, 316, 43, 2.64%, 4, 0, 3, 260.42
1620154962, 0, 223, 353, 315, 42, 2.64%, 4, 0, 3, 299.87
1620154977, 0, 223, 354, 316, 42, 2.64%, 4, 0, 3, 256.24
1620154983, 0, 223, 354, 316, 42, 2.64%, 5, 0, 3, 229.75
1620155008, 0, 223, 355, 317, 42, 2.65%, 5, 0, 3, 229.45
1620155095, 0, 223, 357, 319, 42, 2.65%, 5, 0, 3, 226.25
1620155709, 0, 240, 357, 318, 41, 2.65%, 5, 0, 3, 263.51
1620155771, 0, 240, 358, 319, 41, 2.65%, 5, 0, 3, 225.46
1620156400, 0, 243, 358, 318, 40, 2.65%, 5, 0, 3, 272.59
1620156472, 0, 243, 359, 319, 40, 2.65%, 5, 0, 3, 253.76
1620158120, 0, 248, 360, 319, 40, 2.65%, 5, 0, 4, 273.00
1620158176, 0, 248, 361, 320, 40, 2.65%, 5, 0, 4, 287.31
1620158196, 0, 250, 361, 319, 40, 2.65%, 5, 0, 4, 365.58
1620158344, 0, 252, 361, 318, 39, 2.65%, 5, 0, 4, 382.13
1620158573, 0, 253, 361, 317, 38, 2.65%, 5, 0, 4, 283.77
1620158578, 0, 253, 361, 317, 38, 2.65%, 6, 0, 4, 69.46
1620158707, 0, 253, 362, 318, 38, 2.65%, 6, 0, 4, 46.73
1620158738, 0, 267, 362, 317, 39, 2.65%, 6, 0, 4, 295.50
1620159668, 0, 267, 363, 318, 39, 2.65%, 6, 0, 4, 327.00
1620159673, 0, 268, 363, 317, 39, 2.65%, 6, 0, 4, 286.04
1620159714, 0, 268, 364, 318, 39, 2.65%, 6, 0, 4, 273.79
1620159805, 0, 268, 365, 319, 39, 2.65%, 6, 0, 4, 319.16
1620160695, 0, 273, 365, 318, 39, 2.65%, 6, 0, 4, 265.55
1620160705, 0, 273, 366, 319, 39, 2.66%, 6, 0, 4, 228.27
1620162396, 0, 273, 367, 320, 39, 2.66%, 6, 0, 4, 245.49
1620162401, 0, 275, 367, 319, 39, 2.66%, 6, 0, 4, 259.87
1620162488, 0, 279, 367, 318, 38, 2.66%, 6, 0, 4, 360.78
1620162585, 0, 279, 368, 319, 38, 2.66%, 6, 0, 4, 224.52
1620162728, 0, 280, 368, 318, 37, 2.66%, 6, 0, 4, 328.10
1620162820, 0, 281, 368, 317, 36, 2.66%, 6, 0, 4, 343.98
1620162912, 0, 283, 368, 316, 35, 2.66%, 6, 0, 4, 305.24
1620162953, 0, 283, 370, 318, 35, 2.66%, 6, 0, 4, 232.08
1620162958, 0, 283, 371, 319, 35, 2.66%, 6, 0, 4, 223.80
1620162994, 0, 283, 372, 320, 35, 2.66%, 6, 0, 4, 221.41
1620163086, 0, 284, 372, 319, 34, 2.66%, 6, 0, 4, 259.48
1620163096, 0, 284, 373, 320, 34, 2.66%, 6, 0, 4, 217.64
1620164818, 0, 284, 374, 321, 34, 2.66%, 6, 0, 4, 239.33
1620164828, 0, 285, 381, 327, 34, 2.66%, 6, 0, 4, 227.11
1620164991, 0, 285, 383, 329, 34, 2.66%, 6, 0, 4, 230.30
1620165285, 0, 285, 385, 331, 34, 2.67%, 6, 0, 4, 223.51
1620166598, 0, 285, 386, 332, 34, 2.67%, 6, 0, 4, 250.97
1620166603, 0, 286, 386, 331, 37, 2.67%, 6, 0, 4, 266.08
1620168387, 0, 286, 387, 332, 37, 2.67%, 6, 0, 4, 254.50
1620168392, 0, 287, 387, 331, 37, 2.67%, 6, 0, 4, 251.67
1620170224, 0, 288, 387, 330, 36, 2.67%, 6, 0, 4, 243.30
1620170418, 0, 288, 388, 331, 36, 2.67%, 6, 0, 4, 242.10
1620171171, 0, 291, 388, 330, 35, 2.67%, 6, 0, 4, 305.97
1620171390, 0, 291, 389, 331, 35, 2.67%, 6, 0, 4, 238.40
1620173072, 0, 294, 389, 330, 34, 2.67%, 6, 0, 4, 257.79
1620173077, 0, 294, 393, 334, 34, 2.67%, 6, 0, 4, 270.98
1620173082, 0, 294, 394, 335, 34, 2.67%, 6, 0, 4, 231.02
1620173164, 0, 294, 395, 336, 34, 2.67%, 6, 0, 4, 228.12
1620173174, 0, 294, 396, 337, 34, 2.67%, 6, 0, 4, 231.91
1620173281, 0, 294, 397, 338, 34, 2.67%, 6, 0, 4, 222.54
1620173286, 0, 294, 398, 339, 34, 2.67%, 6, 0, 4, 228.26
1620173291, 0, 294, 399, 340, 34, 2.67%, 6, 0, 4, 220.26
1620173322, 0, 304, 399, 339, 34, 2.67%, 6, 0, 4, 244.14
1620173327, 0, 304, 401, 341, 34, 2.69%, 6, 0, 4, 229.74
1620173337, 0, 304, 402, 342, 34, 2.69%, 6, 0, 4, 249.76
1620173555, 0, 306, 402, 341, 33, 2.69%, 6, 0, 4, 282.43
1620173570, 0, 306, 403, 342, 33, 2.69%, 6, 0, 4, 236.10
1620173801, 0, 311, 404, 342, 33, 2.69%, 6, 0, 4, 274.79
1620173836, 0, 311, 405, 343, 33, 2.69%, 6, 0, 4, 241.16
1620174080, 0, 313, 405, 342, 33, 2.69%, 6, 0, 4, 274.22
1620174238, 0, 313, 406, 343, 33, 2.69%, 6, 0, 4, 214.95
1620175696, 0, 314, 406, 342, 33, 2.69%, 6, 0, 4, 307.72
1620176021, 0, 314, 407, 343, 33, 2.69%, 6, 0, 4, 275.99
1620177191, 0, 315, 407, 342, 33, 2.69%, 6, 0, 4, 279.85
1620177196, 0, 315, 408, 343, 33, 2.69%, 7, 0, 4, 263.43
1620177329, 0, 316, 408, 342, 33, 2.69%, 7, 0, 4, 46.26
1620177448, 0, 316, 409, 343, 33, 2.69%, 7, 0, 4, 90.40
1620177719, 0, 320, 409, 342, 32, 2.69%, 7, 0, 4, 309.39
1620177897, 0, 326, 411, 343, 31, 2.69%, 7, 0, 4, 42.54
1620178040, 0, 326, 412, 344, 31, 2.69%, 7, 0, 4, 57.40
1620178382, 0, 327, 412, 343, 30, 2.69%, 7, 0, 4, 260.37
1620178821, 0, 328, 412, 342, 29, 2.69%, 7, 0, 4, 35.88
1620178826, 0, 328, 414, 344, 29, 2.70%, 7, 0, 4, 112.84
1620178831, 0, 328, 415, 345, 29, 2.70%, 7, 0, 4, 540.37
1620178857, 0, 328, 416, 346, 29, 2.70%, 7, 0, 4, 235.17
1620178872, 0, 328, 417, 347, 29, 2.71%, 7, 0, 4, 101.34
1620178893, 0, 328, 419, 349, 29, 2.71%, 7, 0, 4, 137.34
1620178948, 0, 328, 421, 351, 29, 2.71%, 7, 0, 4, 352.77
1620179345, 0, 328, 422, 352, 29, 2.71%, 7, 0, 4, 73.77
1620179350, 0, 328, 423, 353, 29, 2.73%, 7, 0, 4, 55.56
1620179361, 0, 328, 424, 354, 29, 2.73%, 7, 0, 4, 149.82
1620179366, 0, 328, 426, 356, 29, 2.73%, 7, 0, 4, 220.17
1620179448, 0, 337, 426, 355, 32, 2.73%, 7, 0, 4, 285.04
1620181114, 0, 337, 429, 358, 32, 2.73%, 7, 0, 4, 285.84
1620181135, 0, 337, 430, 359, 32, 2.73%, 7, 0, 4, 267.64
1620181145, 0, 337, 431, 360, 32, 2.73%, 7, 0, 4, 330.35
1620181150, 0, 337, 432, 361, 32, 2.73%, 7, 0, 4, 320.90
1620181155, 0, 337, 433, 362, 32, 2.73%, 7, 0, 4, 300.26
1620181170, 0, 337, 434, 363, 32, 2.73%, 7, 0, 4, 359.11
1620181205, 0, 337, 435, 364, 32, 2.73%, 7, 0, 4, 348.92
1620181216, 0, 351, 435, 363, 32, 2.73%, 7, 0, 4, 268.70
1620181271, 0, 351, 436, 364, 32, 2.73%, 7, 0, 4, 213.09
1620183464, 0, 352, 436, 363, 32, 2.73%, 7, 0, 4, 186.04
1620184074, 0, 352, 437, 364, 32, 2.73%, 7, 0, 4, 69.26
1620184079, 0, 352, 438, 365, 32, 2.73%, 7, 0, 4, 116.21
1620186245, 0, 354, 438, 364, 32, 2.73%, 7, 0, 4, 195.75
1620186373, 0, 354, 439, 365, 32, 2.73%, 7, 0, 4, 224.54
1620186992, 0, 354, 441, 367, 32, 2.73%, 7, 0, 4, 299.69
1620187002, 0, 354, 442, 368, 32, 2.73%, 7, 0, 4, 295.62
1620187007, 0, 354, 443, 369, 32, 2.73%, 7, 0, 4, 303.91
1620187012, 0, 354, 443, 369, 32, 2.73%, 8, 0, 4, 316.99
1620187023, 0, 354, 444, 370, 32, 2.73%, 8, 0, 4, 316.11
1620187038, 0, 354, 445, 371, 32, 2.73%, 8, 0, 4, 313.82
1620187043, 0, 354, 446, 372, 32, 2.73%, 8, 0, 4, 311.87
1620187093, 0, 355, 446, 371, 32, 2.73%, 8, 0, 4, 275.61
1620187114, 0, 355, 446, 371, 32, 2.73%, 9, 0, 4, 243.63
1620187845, 0, 355, 447, 372, 32, 2.73%, 9, 0, 4, 284.85
1620187850, 0, 358, 447, 371, 31, 2.73%, 9, 0, 4, 274.75
1620187932, 0, 358, 448, 372, 31, 2.73%, 9, 0, 4, 240.03
1620188193, 0, 358, 449, 373, 31, 2.73%, 9, 0, 4, 253.84
1620189571, 0, 359, 449, 372, 30, 2.73%, 9, 0, 4, 282.75
1620189576, 0, 359, 450, 373, 30, 2.73%, 9, 0, 5, 287.62
1620189663, 0, 361, 450, 372, 30, 2.73%, 9, 0, 5, 43.52
1620189739, 0, 361, 451, 373, 30, 2.87%, 9, 0, 5, 313.65
1620190250, 0, 361, 452, 374, 30, 2.87%, 9, 0, 5, 58.64
1620190296, 0, 361, 453, 375, 30, 2.87%, 9, 0, 5, 363.87
1620190306, 0, 362, 453, 374, 30, 2.87%, 9, 0, 5, 264.12
1620191265, 0, 362, 454, 375, 30, 2.87%, 9, 0, 5, 248.41
1620191275, 0, 362, 455, 376, 30, 2.87%, 9, 0, 5, 292.36
1620191290, 0, 362, 456, 377, 30, 2.87%, 9, 0, 5, 309.08
1620191346, 0, 363, 456, 376, 29, 2.87%, 9, 0, 5, 259.35
1620191484, 0, 363, 457, 377, 29, 2.87%, 9, 0, 5, 225.21
1620192489, 0, 365, 457, 376, 28, 2.87%, 9, 0, 5, 253.96
1620194042, 0, 372, 457, 375, 27, 2.87%, 9, 0, 5, 243.49
1620195630, 0, 374, 457, 374, 26, 2.87%, 9, 0, 5, 248.23
1620197405, 0, 374, 458, 375, 26, 2.87%, 9, 0, 5, 255.89
1620197420, 0, 383, 459, 375, 25, 2.87%, 9, 0, 5, 230.66
1620197502, 0, 383, 460, 376, 25, 2.87%, 9, 0, 5, 220.25
1620197593, 0, 383, 462, 378, 25, 2.87%, 9, 0, 5, 222.37
1620197893, 0, 383, 463, 379, 25, 2.87%, 9, 0, 5, 221.36
1620197898, 0, 383, 464, 380, 25, 2.87%, 9, 0, 5, 215.05
1620199258, 0, 383, 465, 381, 25, 2.87%, 9, 0, 5, 238.24
1620199263, 0, 383, 466, 382, 25, 2.87%, 9, 0, 5, 257.52
1620199278, 0, 383, 467, 383, 25, 2.87%, 9, 0, 5, 265.16
1620199299, 0, 383, 468, 384, 25, 2.87%, 9, 0, 5, 262.04
1620199354, 0, 383, 469, 385, 25, 2.87%, 9, 0, 5, 269.82
1620199380, 0, 384, 469, 384, 26, 2.87%, 9, 0, 5, 262.64
1620199385, 0, 384, 470, 385, 26, 2.88%, 9, 0, 5, 224.27
1620201239, 0, 384, 471, 386, 26, 2.88%, 9, 0, 5, 274.75
1620201249, 0, 385, 471, 385, 26, 2.88%, 9, 0, 5, 251.00
