# unix_time, cycles_done, cur_path, paths_total, pending_total, pending_favs, map_size, unique_crashes, unique_hangs, max_depth, execs_per_sec
1619418780, 0, 0, 1, 1, 1, 0.08%, 0, 0, 1, 0.54
1619418831, 0, 0, 6, 6, 1, 0.08%, 0, 0, 2, 4.38
1619418873, 0, 0, 7, 7, 1, 0.08%, 0, 0, 2, 2.60
1619419134, 0, 0, 8, 8, 1, 0.08%, 0, 0, 2, 2.59
1619419180, 0, 0, 9, 9, 1, 0.08%, 0, 0, 2, 2.61
1619419428, 0, 0, 10, 10, 1, 0.08%, 0, 0, 2, 2.60
1619419685, 0, 0, 11, 11, 1, 0.08%, 0, 0, 2, 2.76
1619419701, 0, 0, 12, 12, 1, 0.08%, 0, 0, 2, 3.11
1619419777, 0, 0, 13, 13, 1, 0.08%, 0, 0, 2, 2.58
1619420080, 0, 0, 14, 14, 1, 0.08%, 0, 0, 2, 2.60
1619420585, 0, 0, 15, 15, 1, 0.08%, 0, 0, 2, 8.44
1619421582, 0, 0, 16, 16, 1, 0.08%, 0, 0, 2, 2.65
1619421587, 0, 0, 17, 17, 1, 0.08%, 0, 0, 2, 2.60
1619421686, 0, 0, 18, 18, 1, 0.08%, 0, 0, 2, 2.74
1619421706, 0, 0, 20, 20, 1, 0.08%, 0, 0, 2, 35.74
1619421917, 0, 0, 21, 21, 1, 0.08%, 0, 0, 2, 2.54
1619422045, 0, 0, 22, 22, 1, 0.08%, 0, 0, 2, 2.59
1619423875, 0, 0, 23, 23, 1, 0.08%, 0, 0, 2, 2.59
1619424253, 0, 0, 24, 24, 1, 0.08%, 0, 0, 2, 2.59
1619424961, 0, 0, 25, 25, 1, 0.08%, 0, 0, 2, 2.62
1619425084, 0, 0, 26, 26, 1, 0.08%, 0, 0, 2, 2.60
1619427067, 0, 0, 27, 27, 1, 0.08%, 0, 0, 2, 113.35
1619427073, 0, 0, 28, 28, 1, 0.08%, 0, 0, 2, 2.62
1619430098, 0, 0, 29, 29, 1, 0.08%, 0, 0, 2, 2.59
1619432183, 0, 0, 30, 30, 1, 0.08%, 0, 0, 2, 2.59
1619434105, 0, 0, 37, 37, 1, 0.08%, 0, 0, 2, 37.07
1619434110, 0, 0, 39, 39, 1, 0.08%, 0, 0, 2, 28.30
1619434115, 0, 0, 41, 41, 1, 0.08%, 0, 0, 2, 31.41
1619434120, 0, 0, 45, 45, 1, 0.08%, 0, 0, 2, 22.35
1619434125, 0, 0, 46, 46, 1, 0.08%, 0, 0, 2, 2.32
1619434141, 0, 0, 48, 48, 1, 0.08%, 0, 0, 2, 27.81
1619434146, 0, 0, 51, 51, 1, 0.08%, 0, 0, 2, 2.65
1619434162, 0, 0, 52, 52, 1, 0.08%, 0, 0, 2, 16.13
1619434699, 0, 0, 53, 53, 1, 0.08%, 0, 0, 2, 2.55
1619436073, 0, 0, 54, 54, 1, 0.08%, 0, 0, 2, 2.61
1619436124, 0, 0, 55, 55, 1, 0.08%, 0, 0, 2, 2.60
1619442709, 0, 0, 56, 56, 1, 0.08%, 0, 0, 2, 2.59
1619444941, 0, 0, 57, 57, 1, 0.09%, 0, 0, 2, 2.68
1619452443, 0, 0, 58, 58, 1, 0.09%, 0, 0, 2, 297.69
1619452458, 0, 0, 59, 59, 1, 0.09%, 0, 0, 2, 43.59
1619452519, 0, 0, 60, 60, 1, 0.09%, 0, 0, 2, 43.50
1619452524, 0, 0, 61, 61, 1, 0.09%, 0, 0, 2, 43.48
1619452530, 0, 0, 62, 62, 1, 0.09%, 0, 0, 2, 2.71
1619452545, 0, 0, 63, 63, 1, 0.09%, 0, 0, 2, 2.69
1619452592, 0, 0, 64, 64, 1, 0.09%, 0, 0, 2, 30.17
1619452612, 0, 0, 65, 65, 1, 0.09%, 0, 0, 2, 2.67
1619452638, 0, 0, 66, 66, 1, 0.09%, 0, 0, 2, 2.69
1619452659, 0, 0, 67, 67, 1, 0.09%, 0, 0, 2, 4.70
1619452675, 0, 0, 68, 68, 1, 0.09%, 0, 0, 2, 5.06
1619452690, 0, 0, 69, 69, 1, 0.09%, 0, 0, 2, 2.69
1619452716, 0, 0, 70, 70, 1, 0.09%, 0, 0, 2, 9.27
1619452721, 0, 0, 71, 71, 1, 0.09%, 0, 0, 2, 15.45
1619452726, 0, 0, 73, 73, 1, 0.09%, 0, 0, 2, 13.29
1619452742, 0, 0, 74, 74, 1, 0.09%, 0, 0, 2, 4.94
1619452752, 0, 0, 77, 77, 1, 0.09%, 0, 0, 2, 16.02
1619452757, 0, 0, 79, 79, 1, 0.09%, 0, 0, 2, 14.21
1619452762, 0, 0, 80, 80, 1, 0.09%, 0, 0, 2, 14.34
1619452767, 0, 0, 82, 82, 1, 0.09%, 0, 0, 2, 2.68
1619452783, 0, 0, 83, 83, 1, 0.09%, 0, 0, 2, 2.67
1619452799, 0, 0, 83, 83, 1, 0.09%, 1, 0, 2, 17.84
1619452804, 0, 0, 85, 85, 1, 0.09%, 1, 0, 2, 14.47
1619452809, 0, 0, 86, 86, 1, 0.10%, 1, 0, 2, 7.67
1619452819, 0, 0, 87, 87, 1, 0.11%, 1, 0, 2, 9.02
1619452829, 0, 0, 88, 88, 1, 0.12%, 1, 0, 2, 11.67
1619452835, 0, 0, 89, 89, 1, 0.12%, 1, 0, 2, 11.17
1619452840, 0, 0, 91, 91, 1, 0.12%, 1, 0, 2, 2.66
1619452861, 0, 0, 92, 92, 1, 0.14%, 1, 0, 2, 2.60
1619452877, 0, 0, 93, 93, 1, 0.14%, 1, 0, 2, 2.73
1619452892, 0, 0, 94, 94, 1, 0.14%, 2, 0, 2, 14.36
1619452897, 0, 0, 95, 95, 1, 0.14%, 2, 0, 2, 8.09
1619452918, 0, 0, 97, 97, 1, 0.14%, 2, 0, 2, 15.41
1619452928, 0, 0, 98, 98, 1, 0.14%, 2, 0, 2, 6.78
1619452944, 0, 0, 99, 99, 1, 0.15%, 2, 0, 2, 2.74
1619452975, 0, 0, 100, 100, 1, 0.15%, 2, 0, 2, 15.75
1619452980, 0, 0, 101, 101, 1, 0.15%, 2, 0, 2, 8.93
1619452991, 0, 0, 102, 102, 1, 0.15%, 2, 0, 2, 10.06
1619453006, 0, 0, 103, 103, 1, 0.15%, 2, 0, 2, 18.03
1619453011, 0, 0, 104, 104, 1, 0.15%, 2, 0, 2, 16.11
1619453022, 0, 0, 105, 105, 1, 0.15%, 2, 0, 2, 2.66
1619453037, 0, 0, 106, 106, 1, 0.15%, 2, 0, 2, 17.25
1619453042, 0, 0, 107, 107, 1, 0.15%, 2, 0, 2, 17.88
1619453048, 0, 0, 108, 108, 1, 0.15%, 2, 0, 2, 16.44
1619453074, 0, 0, 109, 109, 1, 0.15%, 2, 0, 2, 2.67
1619453100, 0, 0, 110, 110, 1, 0.15%, 2, 0, 2, 2.68
1619453115, 0, 0, 111, 111, 1, 0.15%, 2, 0, 2, 2.69
1619453131, 0, 0, 113, 113, 1, 0.15%, 2, 0, 2, 18.05
1619453141, 0, 0, 115, 115, 1, 0.15%, 2, 0, 2, 16.86
1619453146, 0, 0, 116, 116, 1, 0.15%, 2, 0, 2, 17.24
1619453151, 0, 0, 117, 117, 1, 0.15%, 2, 0, 2, 10.79
1619453156, 0, 0, 118, 118, 1, 0.15%, 2, 0, 2, 7.97
1619453161, 0, 0, 119, 119, 1, 0.15%, 2, 0, 2, 12.17
1619453167, 0, 0, 120, 120, 1, 0.15%, 2, 0, 2, 16.34
1619453172, 0, 0, 121, 121, 1, 0.15%, 2, 0, 2, 17.21
1619453177, 0, 0, 122, 122, 1, 0.15%, 2, 0, 2, 17.34
1619453187, 0, 0, 123, 123, 1, 0.15%, 2, 0, 2, 2.72
1619453208, 0, 0, 124, 124, 1, 0.15%, 2, 0, 2, 2.68
1619453229, 0, 0, 125, 125, 1, 0.16%, 2, 0, 2, 17.47
1619453249, 0, 0, 126, 126, 1, 0.16%, 2, 0, 2, 2.68
1619453280, 0, 0, 128, 128, 1, 0.16%, 2, 0, 2, 2.68
1619453301, 0, 0, 130, 130, 1, 0.16%, 2, 0, 2, 17.72
1619465096, 0, 0, 131, 131, 1, 0.16%, 2, 0, 2, 2.66
1619465247, 0, 0, 132, 132, 1, 0.16%, 2, 0, 2, 2.69
1619482520, 0, 0, 133, 133, 1, 0.16%, 2, 0, 2, 2.69
