# unix_time, cycles_done, cur_path, paths_total, pending_total, pending_favs, map_size, unique_crashes, unique_hangs, max_depth, execs_per_sec
1619012365, 0, 0, 1, 1, 1, 0.03%, 0, 0, 1, 0.18
1619012370, 0, 0, 14, 14, 1, 0.05%, 0, 0, 2, 64.10
1619012376, 0, 0, 26, 26, 1, 0.05%, 0, 0, 2, 69.36
1619012386, 0, 0, 29, 29, 1, 0.05%, 0, 0, 2, 70.37
1619012396, 0, 0, 30, 30, 1, 0.05%, 0, 0, 2, 67.28
1619012401, 0, 0, 31, 31, 1, 0.05%, 0, 0, 2, 65.87
1619012406, 0, 0, 39, 39, 1, 0.05%, 0, 0, 2, 59.40
1619012442, 0, 0, 46, 46, 1, 0.05%, 0, 0, 2, 58.13
1619012452, 0, 0, 47, 47, 1, 0.05%, 0, 0, 2, 62.34
1619012468, 0, 0, 48, 48, 1, 0.05%, 0, 0, 2, 62.58
1619012473, 0, 0, 49, 49, 1, 0.05%, 0, 0, 2, 62.42
1619012478, 0, 0, 50, 50, 1, 0.05%, 0, 0, 2, 61.21
1619012483, 0, 0, 53, 53, 1, 0.05%, 0, 0, 2, 60.61
1619012488, 0, 0, 58, 58, 1, 0.05%, 0, 0, 2, 59.84
1619012493, 0, 0, 64, 64, 1, 0.05%, 0, 0, 2, 56.70
1619012498, 0, 0, 67, 67, 1, 0.05%, 0, 0, 2, 51.88
1619012504, 0, 0, 70, 70, 1, 0.05%, 0, 0, 2, 57.44
1619012509, 0, 0, 71, 71, 1, 0.05%, 0, 0, 2, 61.37
1619012514, 0, 0, 73, 73, 1, 0.05%, 0, 0, 2, 62.50
1619012534, 0, 0, 74, 74, 1, 0.05%, 0, 0, 2, 62.84
1619012540, 0, 0, 76, 76, 1, 0.05%, 0, 0, 2, 62.65
1619012555, 0, 0, 77, 77, 1, 0.05%, 0, 0, 2, 62.65
1619012586, 0, 0, 78, 78, 1, 0.05%, 0, 0, 2, 61.23
1619012622, 0, 0, 79, 79, 1, 0.05%, 0, 0, 2, 62.31
1619012643, 0, 0, 81, 81, 1, 0.05%, 0, 0, 2, 56.11
1619012658, 0, 0, 84, 84, 1, 0.06%, 0, 0, 2, 57.68
1619012673, 0, 0, 85, 85, 1, 0.06%, 0, 0, 2, 59.85
1619012750, 0, 0, 87, 87, 1, 0.06%, 0, 0, 2, 54.21
1619012756, 0, 0, 90, 90, 1, 0.06%, 0, 0, 2, 54.10
1619012884, 0, 0, 99, 99, 1, 0.06%, 0, 0, 2, 52.87
1619012889, 0, 0, 109, 109, 1, 0.06%, 0, 0, 2, 53.74
1619012894, 0, 0, 116, 116, 1, 0.06%, 0, 0, 2, 56.61
1619012899, 0, 0, 118, 118, 1, 0.06%, 0, 0, 2, 54.21
1619012920, 0, 0, 124, 124, 1, 0.06%, 0, 0, 2, 50.65
1619012930, 0, 0, 126, 126, 1, 0.06%, 0, 0, 2, 52.41
1619012935, 0, 0, 127, 127, 1, 0.06%, 0, 0, 2, 59.96
1619012940, 0, 0, 128, 128, 1, 0.06%, 0, 0, 2, 61.13
1619012955, 0, 0, 130, 130, 1, 0.06%, 0, 0, 2, 62.24
1619012961, 0, 0, 131, 131, 1, 0.06%, 0, 0, 2, 62.00
1619012997, 0, 0, 133, 133, 1, 0.06%, 0, 0, 2, 62.54
1619013171, 0, 0, 134, 134, 1, 0.06%, 0, 0, 2, 62.28
1619013197, 0, 0, 135, 135, 1, 0.06%, 0, 0, 2, 62.41
1619013320, 0, 0, 136, 136, 1, 0.06%, 0, 0, 2, 62.41
1619013398, 0, 0, 137, 137, 1, 0.06%, 0, 0, 2, 62.27
1619013521, 0, 0, 139, 139, 1, 0.06%, 0, 0, 2, 222.59
1619013546, 0, 0, 140, 140, 1, 0.06%, 0, 0, 2, 52.18
1619013551, 0, 0, 142, 142, 1, 0.06%, 0, 0, 2, 50.92
1619013556, 0, 0, 145, 145, 1, 0.06%, 0, 0, 2, 50.19
1619013561, 0, 0, 149, 149, 1, 0.06%, 0, 0, 2, 49.68
1619013567, 0, 0, 154, 154, 1, 0.06%, 0, 0, 2, 50.46
1619013572, 0, 0, 160, 160, 1, 0.06%, 0, 0, 2, 51.70
1619013577, 0, 0, 163, 163, 1, 0.06%, 0, 0, 2, 51.41
1619013582, 0, 0, 170, 170, 1, 0.06%, 0, 0, 2, 57.07
1619013587, 0, 0, 174, 174, 1, 0.06%, 0, 0, 2, 59.66
1619013592, 0, 0, 178, 178, 1, 0.06%, 0, 0, 2, 60.67
1619013597, 0, 0, 179, 179, 1, 0.06%, 0, 0, 2, 55.90
1619013602, 0, 0, 184, 184, 1, 0.06%, 0, 0, 2, 53.63
1619013628, 0, 0, 185, 185, 1, 0.06%, 0, 0, 2, 52.59
1619013715, 0, 0, 186, 186, 1, 0.06%, 0, 0, 2, 50.20
1619013772, 0, 0, 187, 187, 1, 0.06%, 0, 0, 2, 49.76
1619018335, 0, 0, 188, 188, 1, 0.06%, 0, 0, 2, 61.93
1619018340, 0, 0, 189, 189, 1, 0.06%, 0, 0, 2, 53.52
1619018345, 0, 0, 190, 190, 1, 0.06%, 0, 0, 2, 51.68
1619018386, 0, 0, 195, 195, 1, 0.06%, 0, 0, 2, 72.47
1619018391, 0, 0, 199, 199, 1, 0.06%, 0, 0, 2, 77.58
1619018396, 0, 0, 203, 203, 1, 0.06%, 0, 0, 2, 77.48
1619018401, 0, 0, 204, 204, 1, 0.06%, 0, 0, 2, 79.00
1619018406, 0, 0, 207, 207, 1, 0.06%, 0, 0, 2, 76.85
1619018411, 0, 0, 209, 209, 1, 0.06%, 0, 0, 2, 78.63
1619018416, 0, 0, 212, 212, 1, 0.06%, 0, 0, 2, 77.61
1619018422, 0, 0, 214, 214, 1, 0.06%, 0, 0, 2, 78.90
1619018427, 0, 0, 216, 216, 1, 0.06%, 0, 0, 2, 78.26
1619018432, 0, 0, 220, 220, 1, 0.06%, 0, 0, 2, 76.11
1619018437, 0, 0, 221, 221, 1, 0.06%, 0, 0, 2, 75.43
1619018453, 0, 0, 222, 222, 1, 0.06%, 0, 0, 2, 79.10
1619018458, 0, 0, 223, 223, 1, 0.06%, 0, 0, 2, 73.98
1619018463, 0, 0, 224, 224, 1, 0.06%, 0, 0, 2, 79.33
1619018468, 0, 0, 225, 225, 1, 0.06%, 0, 0, 2, 75.31
1619018473, 0, 0, 226, 226, 1, 0.06%, 0, 0, 2, 77.18
1619018479, 0, 0, 227, 227, 1, 0.06%, 0, 0, 2, 79.93
1619018484, 0, 0, 228, 228, 1, 0.06%, 0, 0, 2, 74.40
1619018489, 0, 0, 229, 229, 1, 0.06%, 0, 0, 2, 75.79
1619018494, 0, 0, 230, 230, 1, 0.06%, 0, 0, 2, 76.18
1619018504, 0, 0, 231, 231, 1, 0.06%, 0, 0, 2, 77.23
1619018509, 0, 0, 232, 232, 1, 0.06%, 0, 0, 2, 77.26
1619018540, 0, 0, 233, 233, 1, 0.06%, 0, 0, 2, 78.10
1619018545, 0, 0, 234, 234, 1, 0.06%, 0, 0, 2, 75.25
1619018550, 0, 0, 235, 235, 1, 0.06%, 0, 0, 2, 77.53
1619018581, 0, 0, 237, 237, 1, 0.06%, 0, 0, 2, 76.90
1619018586, 0, 0, 238, 238, 1, 0.06%, 0, 0, 2, 77.54
1619018602, 0, 0, 239, 239, 1, 0.06%, 0, 0, 2, 77.08
1619018612, 0, 0, 240, 240, 1, 0.06%, 0, 0, 2, 74.29
1619018622, 0, 0, 241, 241, 1, 0.06%, 0, 0, 2, 76.49
1619018637, 0, 0, 242, 242, 1, 0.06%, 0, 0, 2, 74.97
1619018643, 0, 0, 243, 243, 1, 0.06%, 0, 0, 2, 77.06
1619018709, 0, 0, 245, 245, 1, 0.06%, 0, 0, 2, 78.20
1619018750, 0, 0, 246, 246, 1, 0.06%, 0, 0, 2, 80.78
1619018761, 0, 0, 247, 247, 1, 0.06%, 0, 0, 2, 77.10
1619018833, 0, 0, 248, 248, 1, 0.06%, 0, 0, 2, 75.98
1619018869, 0, 0, 249, 249, 1, 0.06%, 0, 0, 2, 73.33
1619018879, 0, 0, 250, 250, 1, 0.06%, 0, 0, 2, 72.89
1619018941, 0, 0, 251, 251, 1, 0.06%, 0, 0, 2, 72.57
1619019007, 0, 0, 252, 252, 1, 0.06%, 0, 0, 2, 74.66
1619019069, 0, 0, 253, 253, 1, 0.06%, 0, 0, 2, 76.51
1619019135, 0, 0, 254, 254, 1, 0.06%, 0, 0, 2, 1.30
1619019155, 0, 0, 255, 255, 1, 0.06%, 0, 0, 2, 79.08
1619019176, 0, 0, 256, 256, 1, 0.06%, 0, 0, 2, 76.24
1619019192, 0, 0, 257, 257, 1, 0.06%, 0, 0, 2, 81.31
1619019202, 0, 0, 258, 258, 1, 0.06%, 0, 0, 2, 77.70
1619019223, 0, 0, 259, 259, 1, 0.06%, 0, 0, 2, 78.74
1619019253, 0, 0, 261, 261, 1, 0.06%, 0, 0, 2, 79.79
1619019418, 0, 0, 262, 262, 1, 0.06%, 0, 0, 2, 80.80
1619019434, 0, 4, 262, 261, 57, 0.06%, 0, 0, 2, 77.35
1619019785, 0, 5, 263, 261, 56, 0.06%, 0, 0, 3, 124.96
1619019790, 0, 5, 264, 262, 56, 0.07%, 1, 0, 3, 94.97
1619019796, 0, 5, 265, 263, 56, 0.07%, 1, 0, 3, 83.40
1619019857, 0, 5, 266, 264, 56, 0.07%, 1, 0, 3, 54.06
1619019883, 0, 5, 267, 265, 56, 0.07%, 1, 0, 3, 72.87
1619019893, 0, 5, 268, 266, 56, 0.07%, 1, 0, 3, 71.60
1619020063, 0, 5, 269, 267, 56, 0.07%, 1, 0, 3, 118.65
1619020068, 0, 5, 270, 268, 56, 0.07%, 1, 0, 3, 174.67
1619020078, 0, 5, 271, 269, 56, 0.07%, 1, 0, 3, 180.16
1619020108, 0, 5, 272, 270, 56, 0.07%, 2, 0, 3, 162.61
1619020139, 0, 5, 273, 271, 56, 0.07%, 2, 0, 3, 181.62
1619020276, 0, 13, 273, 270, 57, 0.07%, 2, 0, 3, 99.63
1619020640, 0, 14, 273, 269, 56, 0.07%, 2, 0, 3, 92.62
1619020645, 0, 14, 274, 270, 56, 0.07%, 2, 0, 3, 83.78
1619020681, 0, 14, 275, 271, 56, 0.07%, 2, 0, 3, 55.61
1619020722, 0, 14, 276, 272, 56, 0.07%, 2, 0, 3, 50.54
1619020748, 0, 14, 277, 273, 56, 0.07%, 2, 0, 3, 67.90
1619020890, 0, 14, 278, 274, 56, 0.07%, 2, 0, 3, 52.19
1619020972, 0, 17, 278, 273, 58, 0.07%, 2, 0, 3, 150.78
1619021309, 0, 17, 279, 274, 58, 0.07%, 2, 0, 3, 111.40
1619021334, 0, 18, 279, 273, 57, 0.07%, 2, 0, 3, 148.90
1619023134, 0, 18, 280, 274, 57, 0.07%, 2, 0, 3, 62.58
1619023766, 0, 18, 281, 275, 57, 0.07%, 2, 0, 3, 62.19
1619027265, 0, 23, 281, 274, 56, 0.07%, 2, 0, 3, 74.18
1619028200, 0, 23, 282, 275, 56, 0.07%, 2, 0, 3, 66.85
1619028447, 0, 23, 283, 276, 56, 0.07%, 2, 0, 3, 64.73
1619032576, 0, 23, 284, 277, 56, 0.07%, 2, 0, 3, 99.29
1619032591, 0, 23, 285, 278, 56, 0.07%, 2, 0, 3, 95.30
1619032596, 0, 23, 286, 279, 56, 0.07%, 2, 0, 3, 97.27
1619032622, 0, 23, 287, 280, 56, 0.07%, 2, 0, 3, 96.54
1619032699, 0, 23, 288, 281, 56, 0.07%, 2, 0, 3, 98.57
1619032868, 0, 23, 289, 282, 56, 0.07%, 2, 0, 3, 99.74
1619033007, 0, 23, 290, 283, 56, 0.07%, 2, 0, 3, 101.63
1619033063, 0, 23, 291, 284, 56, 0.07%, 2, 0, 3, 101.16
1619033135, 0, 23, 292, 285, 56, 0.07%, 2, 0, 3, 101.23
1619033145, 0, 23, 293, 286, 56, 0.07%, 2, 0, 3, 99.60
1619033202, 0, 23, 294, 287, 56, 0.07%, 2, 0, 3, 99.38
1619033238, 0, 23, 295, 288, 56, 0.07%, 2, 0, 3, 102.66
1619033243, 0, 23, 296, 289, 56, 0.07%, 2, 0, 3, 99.19
1619033361, 0, 23, 297, 290, 56, 0.07%, 2, 0, 3, 99.24
1619033366, 0, 32, 297, 289, 56, 0.07%, 2, 0, 3, 85.18
1619033371, 0, 32, 298, 290, 56, 0.07%, 2, 0, 3, 85.12
1619033638, 0, 42, 298, 289, 56, 0.07%, 2, 0, 3, 160.38
1619033900, 0, 42, 299, 290, 56, 0.07%, 2, 0, 3, 103.21
1619033916, 0, 56, 300, 290, 54, 0.07%, 2, 0, 3, 117.73
1619034188, 0, 57, 300, 289, 53, 0.07%, 2, 0, 3, 170.73
1619034270, 0, 57, 301, 290, 53, 0.07%, 2, 0, 3, 66.34
1619034466, 0, 64, 301, 289, 52, 0.07%, 2, 0, 3, 185.07
1619034471, 0, 64, 302, 290, 52, 0.07%, 2, 0, 3, 136.32
1619034662, 0, 64, 303, 291, 52, 0.07%, 2, 0, 3, 69.23
1619034739, 0, 67, 303, 290, 52, 0.07%, 2, 0, 3, 173.43
1619035016, 0, 75, 303, 289, 51, 0.07%, 2, 0, 3, 123.14
1619035144, 0, 75, 304, 290, 51, 0.07%, 2, 0, 3, 87.17
1619039352, 0, 78, 304, 289, 51, 0.07%, 2, 0, 3, 95.22
1619039378, 0, 78, 305, 290, 51, 0.07%, 2, 0, 3, 85.94
1619039572, 0, 78, 306, 291, 51, 0.07%, 2, 0, 3, 85.62
1619043638, 0, 83, 306, 290, 52, 0.07%, 2, 0, 3, 128.10
1619043822, 0, 84, 306, 289, 50, 0.07%, 2, 0, 3, 175.08
1619043976, 0, 90, 306, 288, 49, 0.07%, 2, 0, 3, 145.78
1619044155, 0, 90, 307, 289, 49, 0.07%, 2, 0, 3, 76.06
1619044613, 0, 90, 308, 290, 49, 0.07%, 2, 0, 3, 144.98
1619044628, 0, 90, 309, 291, 49, 0.07%, 2, 0, 3, 158.58
1619044653, 0, 90, 310, 292, 49, 0.07%, 2, 0, 3, 155.13
1619044694, 0, 90, 311, 293, 49, 0.07%, 2, 0, 3, 158.78
1619044709, 0, 90, 312, 294, 49, 0.07%, 2, 0, 3, 160.71
1619044729, 0, 90, 313, 295, 49, 0.07%, 2, 0, 3, 156.32
1619044739, 0, 90, 314, 296, 49, 0.07%, 2, 0, 3, 154.23
1619044790, 0, 90, 315, 297, 49, 0.07%, 2, 0, 3, 161.70
1619044805, 0, 90, 316, 298, 49, 0.07%, 2, 0, 3, 161.25
1619044866, 0, 90, 317, 299, 49, 0.07%, 2, 0, 3, 152.12
1619044948, 0, 90, 318, 300, 49, 0.07%, 2, 0, 3, 161.87
1619044968, 0, 90, 319, 301, 49, 0.07%, 2, 0, 3, 165.31
1619044983, 0, 90, 320, 302, 49, 0.07%, 2, 0, 3, 161.05
1619045013, 0, 90, 321, 303, 49, 0.07%, 2, 0, 3, 155.59
1619045105, 0, 120, 321, 302, 48, 0.07%, 2, 0, 3, 102.68
1619045813, 0, 127, 321, 301, 47, 0.07%, 2, 0, 3, 114.21
1619046228, 0, 127, 322, 302, 47, 0.07%, 2, 0, 3, 86.97
1619050129, 0, 131, 322, 301, 47, 0.07%, 2, 0, 3, 89.55
1619050783, 0, 131, 323, 302, 47, 0.07%, 2, 0, 3, 87.51
1619054405, 0, 135, 323, 301, 47, 0.07%, 2, 0, 3, 97.36
1619054425, 0, 135, 330, 308, 47, 0.08%, 2, 0, 3, 85.36
1619054476, 0, 135, 331, 309, 47, 0.08%, 2, 0, 3, 85.71
1619054563, 0, 135, 333, 311, 47, 0.08%, 2, 0, 3, 86.61
1619055106, 0, 135, 334, 312, 47, 0.08%, 2, 0, 3, 85.92
1619057809, 0, 135, 335, 313, 47, 0.08%, 2, 0, 3, 87.20
1619057835, 0, 135, 336, 314, 47, 0.08%, 2, 0, 3, 87.26
1619058757, 0, 135, 337, 315, 47, 0.08%, 2, 0, 3, 93.95
1619058802, 0, 138, 337, 314, 51, 0.08%, 2, 0, 3, 100.74
1619058854, 0, 138, 339, 316, 51, 0.08%, 2, 0, 3, 95.70
1619059219, 0, 144, 339, 315, 53, 0.08%, 2, 0, 3, 154.04
1619059306, 0, 144, 340, 316, 53, 0.08%, 2, 0, 3, 91.63
1619059614, 0, 144, 341, 317, 53, 0.08%, 2, 0, 3, 89.51
1619060091, 0, 144, 342, 318, 53, 0.08%, 2, 0, 3, 67.77
1619063556, 0, 144, 343, 319, 53, 0.08%, 2, 0, 3, 102.38
1619063582, 0, 145, 343, 318, 51, 0.08%, 2, 0, 3, 99.01
1619063587, 0, 145, 344, 319, 51, 0.08%, 2, 0, 3, 76.74
1619063592, 0, 145, 345, 320, 51, 0.08%, 2, 0, 3, 109.92
1619063602, 0, 145, 346, 321, 51, 0.08%, 2, 0, 3, 65.28
1619063633, 0, 145, 348, 323, 51, 0.08%, 2, 0, 3, 79.46
1619063654, 0, 145, 350, 325, 51, 0.08%, 2, 0, 3, 91.87
1619063721, 0, 145, 351, 326, 51, 0.08%, 2, 0, 3, 73.26
1619063834, 0, 145, 353, 328, 51, 0.08%, 2, 0, 3, 58.76
1619063845, 0, 145, 354, 329, 51, 0.08%, 2, 0, 3, 49.89
1619063855, 0, 145, 355, 330, 51, 0.08%, 2, 0, 3, 60.13
1619063870, 0, 145, 356, 331, 51, 0.08%, 2, 0, 3, 52.94
1619064118, 0, 169, 356, 330, 53, 0.08%, 2, 0, 3, 144.40
1619064554, 0, 176, 356, 329, 52, 0.08%, 2, 0, 3, 121.85
1619064579, 0, 176, 357, 330, 52, 0.08%, 2, 0, 3, 80.63
1619064656, 0, 176, 358, 331, 52, 0.08%, 2, 0, 3, 81.27
1619064671, 0, 176, 359, 332, 52, 0.08%, 2, 0, 3, 80.76
1619064702, 0, 176, 360, 333, 52, 0.08%, 2, 0, 3, 81.66
1619064718, 0, 176, 361, 334, 52, 0.08%, 2, 0, 3, 81.57
1619065499, 0, 176, 362, 335, 52, 0.08%, 2, 0, 3, 68.35
1619065695, 0, 176, 363, 336, 52, 0.08%, 2, 0, 3, 80.02
1619065731, 0, 176, 364, 337, 52, 0.08%, 2, 0, 3, 81.92
1619069295, 0, 176, 367, 340, 52, 0.08%, 2, 0, 3, 98.25
1619069310, 0, 176, 368, 341, 52, 0.08%, 2, 0, 3, 103.98
1619069325, 0, 176, 369, 342, 52, 0.08%, 2, 0, 3, 100.62
1619069346, 0, 176, 369, 342, 52, 0.08%, 3, 0, 3, 101.89
1619069401, 0, 176, 370, 343, 52, 0.08%, 3, 0, 3, 100.34
1619069437, 0, 176, 371, 344, 52, 0.08%, 3, 0, 3, 103.96
1619069442, 0, 176, 372, 345, 52, 0.08%, 3, 0, 3, 104.62
1619069478, 0, 176, 373, 346, 52, 0.08%, 3, 0, 3, 101.07
1619069503, 0, 176, 374, 347, 52, 0.08%, 3, 0, 3, 102.07
1619069508, 0, 176, 375, 348, 52, 0.08%, 3, 0, 3, 102.82
1619069513, 0, 176, 375, 348, 52, 0.08%, 4, 0, 3, 103.67
1619069599, 0, 176, 376, 349, 52, 0.08%, 4, 0, 3, 102.07
1619069635, 0, 176, 377, 350, 52, 0.08%, 4, 0, 3, 103.96
1619069937, 0, 176, 378, 351, 52, 0.08%, 4, 0, 3, 96.94
1619069953, 0, 176, 379, 352, 52, 0.08%, 4, 0, 3, 98.39
1619069983, 0, 176, 380, 353, 52, 0.08%, 4, 0, 3, 96.44
1619070086, 0, 178, 380, 352, 53, 0.08%, 4, 0, 3, 93.63
1619070686, 0, 178, 381, 353, 53, 0.08%, 4, 0, 3, 82.86
1619071328, 0, 178, 382, 354, 53, 0.08%, 4, 0, 3, 67.60
1619075366, 0, 191, 382, 353, 52, 0.08%, 4, 0, 3, 89.88
1619076048, 0, 195, 382, 352, 51, 0.08%, 4, 0, 3, 121.07
1619076688, 0, 205, 382, 351, 50, 0.08%, 4, 0, 3, 101.93
1619079165, 0, 207, 382, 350, 49, 0.08%, 4, 0, 3, 106.95
1619082830, 0, 220, 382, 349, 48, 0.08%, 4, 0, 3, 107.72
1619082902, 0, 220, 383, 350, 48, 0.08%, 4, 0, 3, 89.38
1619084401, 0, 220, 384, 351, 48, 0.08%, 4, 0, 3, 130.43
1619084411, 0, 220, 385, 352, 48, 0.08%, 4, 0, 3, 135.97
1619084468, 0, 226, 385, 351, 48, 0.08%, 4, 0, 3, 128.68
1619084534, 0, 226, 385, 351, 48, 0.08%, 5, 0, 3, 102.48
1619084591, 0, 226, 386, 352, 48, 0.08%, 5, 0, 3, 96.82
1619084739, 0, 226, 386, 352, 48, 0.08%, 6, 0, 3, 93.72
1619084745, 0, 226, 386, 352, 48, 0.08%, 7, 0, 3, 97.54
1619084780, 0, 226, 386, 352, 48, 0.08%, 8, 0, 3, 99.09
1619084827, 0, 226, 386, 352, 48, 0.08%, 9, 0, 3, 90.06
1619084944, 0, 231, 386, 351, 48, 0.08%, 9, 0, 3, 112.91
1619089741, 0, 231, 389, 354, 48, 0.08%, 9, 0, 3, 96.08
1619089746, 0, 231, 390, 355, 48, 0.08%, 9, 0, 3, 94.89
1619090029, 0, 231, 391, 356, 48, 0.08%, 9, 0, 3, 99.91
1619090338, 0, 231, 392, 357, 48, 0.08%, 9, 0, 3, 97.59
1619090559, 0, 246, 392, 356, 48, 0.08%, 9, 0, 3, 92.74
1619090758, 0, 246, 393, 357, 48, 0.08%, 9, 0, 3, 72.12
1619092765, 0, 262, 393, 356, 48, 0.08%, 9, 0, 3, 138.50
1619092985, 0, 263, 393, 355, 47, 0.08%, 9, 0, 3, 160.95
1619092990, 0, 263, 397, 359, 47, 0.08%, 9, 0, 4, 121.86
1619093011, 0, 263, 398, 360, 47, 0.08%, 9, 0, 4, 82.28
1619093103, 0, 263, 399, 361, 47, 0.08%, 9, 0, 4, 65.54
1619093263, 0, 264, 399, 360, 47, 0.08%, 9, 0, 4, 191.80
1619093268, 0, 264, 400, 361, 47, 0.08%, 10, 0, 4, 138.77
1619093335, 0, 264, 401, 362, 47, 0.08%, 10, 0, 4, 86.57
1619093427, 0, 264, 402, 363, 47, 0.08%, 10, 0, 4, 96.62
1619093488, 0, 269, 402, 362, 47, 0.08%, 10, 0, 4, 142.21
1619093678, 0, 271, 402, 361, 46, 0.08%, 10, 0, 4, 180.86
1619093740, 0, 271, 403, 362, 46, 0.08%, 10, 0, 4, 75.02
1619093945, 0, 273, 404, 362, 45, 0.08%, 10, 0, 4, 162.10
1619094161, 0, 273, 405, 363, 45, 0.08%, 10, 0, 4, 67.37
1619094222, 0, 274, 405, 362, 45, 0.08%, 10, 0, 4, 155.72
1619094468, 0, 275, 405, 361, 44, 0.08%, 10, 0, 4, 119.50
1619094704, 0, 275, 406, 362, 44, 0.08%, 10, 0, 4, 58.07
1619094920, 0, 276, 406, 361, 43, 0.08%, 10, 0, 4, 127.96
1619095413, 0, 281, 406, 360, 42, 0.08%, 10, 0, 4, 124.18
1619095439, 0, 281, 407, 361, 42, 0.08%, 10, 0, 4, 84.63
1619099768, 0, 281, 408, 362, 42, 0.08%, 10, 0, 4, 95.73
1619099814, 0, 286, 408, 361, 43, 0.08%, 10, 0, 4, 96.65
1619100092, 0, 288, 408, 360, 42, 0.08%, 10, 0, 4, 136.34
1619100102, 0, 288, 410, 362, 42, 0.08%, 10, 0, 4, 87.97
1619100164, 0, 288, 411, 363, 42, 0.08%, 10, 0, 4, 84.81
1619103218, 0, 288, 412, 364, 42, 0.08%, 10, 0, 4, 94.13
1619103228, 0, 288, 413, 365, 42, 0.08%, 10, 0, 4, 104.13
1619103314, 0, 296, 413, 364, 42, 0.08%, 10, 0, 4, 90.12
1619103340, 0, 296, 416, 367, 42, 0.08%, 10, 0, 4, 88.28
1619108079, 0, 296, 417, 368, 42, 0.08%, 10, 0, 4, 101.83
1619108115, 0, 297, 417, 367, 41, 0.08%, 10, 0, 4, 107.03
1619108362, 0, 298, 417, 366, 40, 0.08%, 10, 0, 4, 182.04
1619108486, 0, 298, 418, 367, 40, 0.08%, 10, 0, 4, 67.08
1619109289, 0, 299, 418, 366, 40, 0.08%, 10, 0, 4, 124.87
1619109552, 0, 300, 418, 365, 39, 0.08%, 10, 0, 4, 140.34
1619109604, 0, 300, 419, 366, 39, 0.08%, 10, 0, 4, 80.76
1619109717, 0, 300, 420, 367, 39, 0.08%, 10, 0, 4, 66.94
1619109958, 0, 301, 420, 366, 39, 0.08%, 10, 0, 4, 154.86
1619110236, 0, 303, 420, 365, 38, 0.08%, 10, 0, 4, 172.77
1619110395, 0, 303, 421, 366, 38, 0.08%, 10, 0, 4, 87.09
1619110728, 0, 303, 422, 367, 38, 0.08%, 10, 0, 4, 86.30
1619114609, 0, 304, 422, 366, 38, 0.08%, 10, 0, 4, 98.23
1619119024, 0, 304, 423, 367, 38, 0.08%, 10, 0, 4, 101.73
1619119065, 0, 305, 423, 366, 38, 0.08%, 10, 0, 4, 101.11
1619119285, 0, 305, 424, 367, 38, 0.08%, 10, 0, 4, 91.71
1619123436, 0, 305, 425, 368, 38, 0.08%, 10, 0, 4, 93.56
1619123482, 0, 307, 425, 367, 38, 0.08%, 10, 0, 4, 99.65
1619124193, 0, 307, 426, 368, 38, 0.08%, 10, 0, 4, 133.53
1619124223, 0, 320, 426, 367, 37, 0.08%, 10, 0, 4, 107.89
1619124867, 0, 321, 426, 366, 36, 0.08%, 10, 0, 4, 126.06
1619125517, 0, 321, 427, 367, 36, 0.08%, 10, 0, 4, 86.17
1619129236, 0, 322, 427, 366, 35, 0.08%, 10, 0, 4, 87.70
1619129748, 0, 322, 428, 367, 35, 0.08%, 10, 0, 4, 86.34
1619133596, 0, 322, 428, 367, 35, 0.08%, 11, 0, 4, 94.50
1619133616, 0, 323, 428, 366, 35, 0.08%, 11, 0, 4, 89.93
1619138034, 0, 323, 429, 367, 35, 0.08%, 11, 0, 4, 97.78
1619138080, 0, 324, 429, 366, 34, 0.08%, 11, 0, 4, 88.40
1619138101, 0, 324, 430, 367, 34, 0.08%, 11, 0, 4, 85.07
1619142454, 0, 324, 431, 368, 34, 0.08%, 11, 0, 4, 102.67
1619142490, 0, 328, 431, 367, 34, 0.08%, 11, 0, 4, 103.21
1619146888, 0, 330, 431, 366, 33, 0.08%, 11, 0, 4, 93.92
1619147047, 0, 330, 432, 367, 33, 0.08%, 11, 0, 4, 85.34
1619151291, 0, 330, 433, 368, 33, 0.08%, 11, 0, 4, 86.84
1619151306, 0, 330, 434, 369, 33, 0.08%, 11, 0, 4, 97.46
1619151394, 0, 332, 434, 368, 33, 0.08%, 11, 0, 4, 89.84
1619151603, 0, 332, 435, 369, 33, 0.08%, 11, 0, 4, 97.28
1619152101, 0, 332, 438, 372, 33, 0.08%, 11, 0, 4, 86.65
