# unix_time, cycles_done, cur_path, paths_total, pending_total, pending_favs, map_size, unique_crashes, unique_hangs, max_depth, execs_per_sec
1619012381, 0, 0, 1, 1, 1, 0.03%, 0, 0, 1, 0.18
1619012386, 0, 0, 10, 10, 1, 0.05%, 0, 0, 2, 64.05
1619012391, 0, 0, 22, 22, 1, 0.05%, 0, 0, 2, 64.81
1619012397, 0, 0, 26, 26, 1, 0.05%, 0, 0, 2, 69.07
1619012407, 0, 0, 29, 29, 1, 0.05%, 0, 0, 2, 68.26
1619012417, 0, 0, 31, 31, 1, 0.05%, 0, 0, 2, 67.16
1619012427, 0, 0, 37, 37, 1, 0.05%, 0, 0, 2, 58.54
1619012433, 0, 0, 40, 40, 1, 0.05%, 0, 0, 2, 62.44
1619012463, 0, 0, 43, 43, 1, 0.05%, 0, 0, 2, 59.91
1619012469, 0, 0, 47, 47, 1, 0.05%, 0, 0, 2, 62.32
1619012489, 0, 0, 48, 48, 1, 0.05%, 0, 0, 2, 67.41
1619012494, 0, 0, 49, 49, 1, 0.05%, 0, 0, 2, 67.84
1619012499, 0, 0, 50, 50, 1, 0.05%, 0, 0, 2, 65.82
1619012505, 0, 0, 52, 52, 1, 0.05%, 0, 0, 2, 65.48
1619012510, 0, 0, 55, 55, 1, 0.05%, 0, 0, 2, 61.75
1619012515, 0, 0, 60, 60, 1, 0.05%, 0, 0, 2, 48.17
1619012520, 0, 0, 64, 64, 1, 0.05%, 0, 0, 2, 52.64
1619012525, 0, 0, 66, 66, 1, 0.05%, 0, 0, 2, 49.57
1619012530, 0, 0, 68, 68, 1, 0.05%, 0, 0, 2, 57.85
1619012535, 0, 0, 70, 70, 1, 0.05%, 0, 0, 2, 64.92
1619012540, 0, 0, 71, 71, 1, 0.05%, 0, 0, 2, 66.67
1619012546, 0, 0, 72, 72, 1, 0.05%, 0, 0, 2, 66.70
1619012587, 0, 0, 73, 73, 1, 0.05%, 0, 0, 2, 67.01
1619012592, 0, 0, 75, 75, 1, 0.05%, 0, 0, 2, 66.61
1619012607, 0, 0, 76, 76, 1, 0.05%, 0, 0, 2, 67.16
1619012633, 0, 0, 77, 77, 1, 0.05%, 0, 0, 2, 67.95
1619012679, 0, 0, 78, 78, 1, 0.05%, 0, 0, 2, 68.27
1619012700, 0, 0, 80, 80, 1, 0.05%, 0, 0, 2, 52.96
1619012715, 0, 0, 83, 83, 1, 0.06%, 0, 0, 2, 60.59
1619012736, 0, 0, 84, 84, 1, 0.06%, 0, 0, 2, 52.05
1619012828, 0, 0, 86, 86, 1, 0.06%, 0, 0, 2, 71.42
1619012833, 0, 0, 89, 89, 1, 0.06%, 0, 0, 2, 61.61
1619012982, 0, 0, 90, 90, 1, 0.06%, 0, 0, 2, 51.21
1619012987, 0, 0, 94, 94, 1, 0.06%, 0, 0, 2, 51.69
1619012992, 0, 0, 99, 99, 1, 0.06%, 0, 0, 2, 52.45
1619012997, 0, 0, 105, 105, 1, 0.06%, 0, 0, 2, 51.39
1619013002, 0, 0, 112, 112, 1, 0.06%, 0, 0, 2, 64.78
1619013007, 0, 0, 117, 117, 1, 0.06%, 0, 0, 2, 54.91
1619013027, 0, 0, 118, 118, 1, 0.06%, 0, 0, 2, 50.81
1619013033, 0, 0, 122, 122, 1, 0.06%, 0, 0, 2, 50.19
1619013043, 0, 0, 126, 126, 1, 0.06%, 0, 0, 2, 61.13
1619013048, 0, 0, 127, 127, 1, 0.06%, 0, 0, 2, 66.36
1619013053, 0, 0, 129, 129, 1, 0.06%, 0, 0, 2, 67.65
1619013058, 0, 0, 130, 130, 1, 0.06%, 0, 0, 2, 68.05
1619013068, 0, 0, 132, 132, 1, 0.06%, 0, 0, 2, 67.93
1619013074, 0, 0, 133, 133, 1, 0.06%, 0, 0, 2, 67.97
1619013135, 0, 0, 134, 134, 1, 0.06%, 0, 0, 2, 66.82
1619013391, 0, 0, 135, 135, 1, 0.06%, 0, 0, 2, 66.63
1619013530, 0, 0, 136, 136, 1, 0.06%, 0, 0, 2, 66.91
1619013714, 0, 0, 138, 138, 1, 0.06%, 0, 0, 2, 347.51
1619013740, 0, 0, 139, 139, 1, 0.06%, 0, 0, 2, 52.27
1619013745, 0, 0, 140, 140, 1, 0.06%, 0, 0, 2, 51.05
1619013750, 0, 0, 144, 144, 1, 0.06%, 0, 0, 2, 50.49
1619013755, 0, 0, 147, 147, 1, 0.06%, 0, 0, 2, 48.82
1619013760, 0, 0, 150, 150, 1, 0.06%, 0, 0, 2, 49.30
1619013765, 0, 0, 154, 154, 1, 0.06%, 0, 0, 2, 50.42
1619013770, 0, 0, 159, 159, 1, 0.06%, 0, 0, 2, 50.88
1619013775, 0, 0, 162, 162, 1, 0.06%, 0, 0, 2, 54.70
1619013780, 0, 0, 165, 165, 1, 0.06%, 0, 0, 2, 52.98
1619013785, 0, 0, 171, 171, 1, 0.06%, 0, 0, 2, 58.56
1619013790, 0, 0, 174, 174, 1, 0.06%, 0, 0, 2, 62.35
1619013796, 0, 0, 179, 179, 1, 0.06%, 0, 0, 2, 63.98
1619013801, 0, 0, 181, 181, 1, 0.06%, 0, 0, 2, 60.72
1619013811, 0, 0, 186, 186, 1, 0.06%, 0, 0, 2, 52.57
1619013831, 0, 0, 187, 187, 1, 0.06%, 0, 0, 2, 50.79
1619013928, 0, 0, 188, 188, 1, 0.06%, 0, 0, 2, 52.45
1619013943, 0, 0, 189, 189, 1, 0.06%, 0, 0, 2, 51.79
1619013984, 0, 0, 190, 190, 1, 0.06%, 0, 0, 2, 49.83
1619018838, 0, 0, 190, 190, 1, 0.06%, 0, 1, 2, 0.01
1619019017, 0, 0, 192, 192, 1, 0.06%, 0, 1, 2, 54.09
1619019823, 0, 0, 193, 193, 1, 0.06%, 0, 1, 2, 49.72
1619019869, 0, 0, 195, 195, 1, 0.06%, 0, 1, 2, 67.68
1619019874, 0, 0, 200, 200, 1, 0.06%, 0, 1, 2, 66.70
1619019880, 0, 0, 203, 203, 1, 0.06%, 0, 1, 2, 74.21
1619019885, 0, 0, 206, 206, 1, 0.06%, 0, 1, 2, 73.75
1619019890, 0, 0, 209, 209, 1, 0.06%, 0, 1, 2, 72.13
1619019895, 0, 0, 210, 210, 1, 0.06%, 0, 1, 2, 73.63
1619019911, 0, 0, 212, 212, 1, 0.06%, 0, 1, 2, 73.23
1619019916, 0, 0, 213, 213, 1, 0.06%, 0, 1, 2, 73.81
1619019921, 0, 0, 215, 215, 1, 0.06%, 0, 1, 2, 73.53
1619019931, 0, 0, 217, 217, 1, 0.06%, 0, 1, 2, 76.99
1619019936, 0, 0, 218, 218, 1, 0.06%, 0, 1, 2, 76.71
1619019941, 0, 0, 220, 220, 1, 0.06%, 0, 1, 2, 75.01
1619019946, 0, 0, 223, 223, 1, 0.06%, 0, 1, 2, 73.24
1619019952, 0, 0, 224, 224, 1, 0.06%, 0, 1, 2, 74.26
1619019957, 0, 0, 225, 225, 1, 0.06%, 0, 1, 2, 77.64
1619019972, 0, 0, 226, 226, 1, 0.06%, 0, 1, 2, 80.79
1619019978, 0, 0, 227, 227, 1, 0.06%, 0, 1, 2, 74.66
1619019988, 0, 0, 228, 228, 1, 0.06%, 0, 1, 2, 77.09
1619019998, 0, 0, 229, 229, 1, 0.06%, 0, 1, 2, 78.26
1619020013, 0, 0, 230, 230, 1, 0.06%, 0, 1, 2, 71.19
1619020023, 0, 0, 231, 231, 1, 0.06%, 0, 1, 2, 77.45
1619020028, 0, 0, 232, 232, 1, 0.06%, 0, 1, 2, 73.93
1619020044, 0, 0, 233, 233, 1, 0.06%, 0, 1, 2, 75.40
1619020049, 0, 0, 234, 234, 1, 0.07%, 0, 1, 2, 73.27
1619020075, 0, 0, 235, 235, 1, 0.07%, 0, 1, 2, 75.83
1619020080, 0, 0, 235, 235, 1, 0.07%, 1, 1, 2, 78.44
1619020085, 0, 0, 236, 236, 1, 0.07%, 1, 1, 2, 74.87
1619020091, 0, 0, 237, 237, 1, 0.07%, 1, 1, 2, 78.81
1619020116, 0, 0, 238, 238, 1, 0.07%, 1, 1, 2, 76.29
1619020132, 0, 0, 240, 240, 1, 0.07%, 1, 1, 2, 72.69
1619020147, 0, 0, 242, 242, 1, 0.07%, 1, 1, 2, 78.84
1619020152, 0, 0, 244, 244, 1, 0.07%, 1, 1, 2, 77.76
1619020183, 0, 0, 245, 245, 1, 0.07%, 1, 1, 2, 78.35
1619020208, 0, 0, 246, 246, 1, 0.07%, 1, 1, 2, 77.23
1619020219, 0, 0, 247, 247, 1, 0.07%, 1, 1, 2, 76.45
1619020234, 0, 0, 249, 249, 1, 0.07%, 1, 1, 2, 72.96
1619020250, 0, 0, 251, 251, 1, 0.07%, 1, 1, 2, 80.31
1619020280, 0, 0, 253, 253, 1, 0.07%, 1, 1, 2, 75.42
1619020285, 0, 0, 254, 254, 1, 0.07%, 1, 1, 2, 78.25
1619020291, 0, 0, 256, 256, 1, 0.07%, 1, 1, 2, 72.60
1619020301, 0, 0, 257, 257, 1, 0.07%, 1, 1, 2, 77.20
1619020352, 0, 0, 258, 258, 1, 0.07%, 1, 1, 2, 76.99
1619020368, 0, 0, 259, 259, 1, 0.07%, 1, 1, 2, 80.01
1619020419, 0, 0, 259, 259, 1, 0.07%, 2, 1, 2, 75.39
1619020475, 0, 0, 260, 260, 1, 0.07%, 2, 1, 2, 73.98
1619020537, 0, 0, 261, 261, 1, 0.07%, 2, 1, 2, 79.32
1619020599, 0, 0, 262, 262, 1, 0.07%, 2, 1, 2, 75.26
1619020609, 0, 0, 263, 263, 1, 0.07%, 2, 1, 2, 79.64
1619020640, 0, 0, 264, 264, 1, 0.07%, 2, 1, 2, 71.28
1619020676, 0, 0, 265, 265, 1, 0.07%, 2, 1, 2, 80.89
1619020707, 0, 0, 266, 266, 1, 0.07%, 2, 1, 2, 74.96
1619022484, 0, 0, 269, 269, 1, 0.07%, 2, 1, 2, 80.44
1619022525, 0, 0, 270, 270, 1, 0.07%, 2, 1, 2, 74.73
1619022530, 0, 0, 271, 271, 1, 0.07%, 2, 1, 2, 72.97
1619022535, 0, 1, 271, 270, 57, 0.07%, 2, 1, 2, 75.15
1619022596, 0, 1, 272, 271, 57, 0.07%, 2, 1, 3, 52.25
1619022788, 0, 4, 272, 270, 56, 0.07%, 2, 1, 3, 192.86
1619022834, 0, 4, 273, 271, 56, 0.07%, 2, 1, 3, 53.16
1619023160, 0, 13, 273, 270, 55, 0.07%, 2, 1, 3, 122.69
1619023527, 0, 14, 273, 269, 54, 0.07%, 2, 1, 3, 121.75
1619023532, 0, 14, 274, 270, 54, 0.07%, 2, 1, 3, 104.65
1619023613, 0, 14, 275, 271, 54, 0.07%, 2, 1, 3, 50.63
1619023639, 0, 14, 276, 272, 54, 0.07%, 2, 1, 3, 66.00
1619023785, 0, 14, 277, 273, 54, 0.07%, 2, 1, 3, 51.62
1619023873, 0, 19, 277, 272, 57, 0.07%, 2, 1, 3, 139.66
1619024419, 0, 19, 278, 273, 57, 0.07%, 2, 1, 3, 57.16
1619031140, 0, 23, 278, 272, 56, 0.07%, 2, 1, 3, 90.37
1619032025, 0, 23, 279, 273, 56, 0.07%, 2, 1, 3, 82.25
1619035504, 0, 23, 281, 275, 56, 0.07%, 2, 1, 3, 96.23
1619035550, 0, 23, 282, 276, 56, 0.07%, 2, 1, 3, 91.23
1619035617, 0, 23, 283, 277, 56, 0.07%, 2, 1, 3, 92.54
1619035668, 0, 23, 284, 278, 56, 0.07%, 2, 1, 3, 92.47
1619035673, 0, 23, 285, 279, 56, 0.07%, 2, 1, 3, 93.91
1619035689, 0, 23, 286, 280, 56, 0.07%, 2, 1, 3, 93.30
1619035720, 0, 23, 287, 281, 56, 0.07%, 2, 1, 3, 94.77
1619035730, 0, 23, 288, 282, 56, 0.07%, 2, 1, 3, 90.96
1619035776, 0, 23, 289, 283, 56, 0.07%, 2, 1, 3, 96.13
1619035782, 0, 23, 290, 284, 56, 0.07%, 2, 1, 3, 96.13
1619035833, 0, 23, 291, 285, 56, 0.07%, 2, 1, 3, 95.57
1619035838, 0, 23, 292, 286, 56, 0.07%, 2, 1, 3, 90.83
1619035864, 0, 23, 293, 287, 56, 0.07%, 2, 1, 3, 98.32
1619035895, 0, 23, 294, 288, 56, 0.07%, 2, 1, 3, 93.66
1619035900, 0, 23, 295, 289, 56, 0.07%, 2, 1, 3, 91.15
1619035952, 0, 23, 296, 290, 56, 0.07%, 2, 1, 3, 91.75
1619036075, 0, 23, 297, 291, 56, 0.07%, 2, 1, 3, 93.14
1619036147, 0, 23, 298, 292, 56, 0.07%, 2, 1, 3, 92.70
1619036157, 0, 23, 299, 293, 56, 0.07%, 2, 1, 3, 94.80
1619036224, 0, 23, 300, 294, 56, 0.07%, 2, 1, 3, 96.09
1619036317, 0, 23, 301, 295, 56, 0.07%, 2, 1, 3, 94.88
1619036348, 0, 33, 301, 294, 56, 0.07%, 2, 1, 3, 86.55
1619036435, 0, 33, 302, 295, 56, 0.07%, 2, 1, 3, 61.50
1619036654, 0, 39, 302, 294, 55, 0.07%, 2, 1, 3, 140.57
1619037584, 0, 39, 303, 295, 55, 0.07%, 2, 1, 3, 87.39
1619037620, 0, 39, 304, 296, 55, 0.07%, 2, 1, 3, 86.74
1619041282, 0, 43, 304, 295, 56, 0.07%, 2, 1, 3, 86.80
1619041318, 0, 43, 305, 296, 56, 0.07%, 2, 1, 3, 85.19
1619041588, 0, 56, 306, 296, 54, 0.07%, 2, 1, 3, 111.19
1619041894, 0, 57, 306, 295, 52, 0.07%, 2, 1, 3, 124.76
1619041986, 0, 57, 307, 296, 52, 0.07%, 2, 1, 3, 59.97
1619042201, 0, 69, 307, 295, 51, 0.07%, 2, 1, 3, 178.51
1619042308, 0, 69, 308, 296, 51, 0.07%, 2, 1, 3, 87.43
1619042574, 0, 69, 309, 297, 51, 0.07%, 2, 1, 3, 78.82
1619047386, 0, 69, 310, 298, 51, 0.07%, 2, 1, 3, 93.00
1619047417, 0, 69, 311, 299, 51, 0.07%, 2, 1, 3, 90.56
1619047438, 0, 69, 311, 299, 51, 0.07%, 3, 1, 3, 95.80
1619047484, 0, 74, 311, 298, 50, 0.07%, 3, 1, 3, 87.11
1619052656, 0, 77, 311, 297, 49, 0.07%, 3, 1, 3, 84.87
1619052876, 0, 77, 312, 298, 49, 0.07%, 3, 1, 3, 83.62
1619057057, 0, 80, 312, 297, 49, 0.07%, 3, 1, 3, 87.29
1619057262, 0, 82, 312, 296, 48, 0.07%, 3, 1, 3, 103.78
1619068281, 0, 83, 312, 295, 47, 0.07%, 3, 1, 3, 121.73
1619068434, 0, 104, 313, 295, 46, 0.07%, 3, 1, 3, 131.09
1619068675, 0, 104, 314, 296, 46, 0.07%, 3, 1, 3, 70.69
1619068680, 0, 104, 315, 297, 46, 0.07%, 3, 1, 3, 69.41
1619069032, 0, 104, 316, 298, 46, 0.07%, 3, 1, 3, 66.78
1619070626, 0, 104, 317, 299, 46, 0.07%, 3, 1, 3, 104.05
1619070636, 0, 104, 318, 300, 46, 0.07%, 3, 1, 3, 102.11
1619070677, 0, 104, 319, 301, 46, 0.07%, 3, 1, 3, 107.43
1619070687, 0, 104, 320, 302, 46, 0.07%, 3, 1, 3, 108.18
1619070702, 0, 104, 321, 303, 46, 0.07%, 3, 1, 3, 106.72
1619070717, 0, 104, 322, 304, 46, 0.07%, 3, 1, 3, 107.25
1619070742, 0, 104, 323, 305, 46, 0.07%, 3, 1, 3, 102.72
1619070763, 0, 104, 324, 306, 46, 0.07%, 3, 1, 3, 106.68
1619070768, 0, 104, 325, 307, 46, 0.07%, 3, 1, 3, 106.29
1619070788, 0, 104, 326, 308, 46, 0.07%, 3, 1, 3, 103.06
1619070879, 0, 104, 327, 309, 46, 0.07%, 3, 1, 3, 103.73
1619070940, 0, 104, 328, 310, 46, 0.07%, 3, 1, 3, 107.69
1619070955, 0, 104, 329, 311, 46, 0.07%, 3, 1, 3, 105.95
1619071142, 0, 104, 330, 312, 46, 0.07%, 3, 1, 3, 107.00
1619071163, 0, 104, 331, 313, 46, 0.07%, 3, 1, 3, 102.72
1619071375, 0, 118, 331, 312, 45, 0.07%, 3, 1, 3, 77.04
1619072160, 0, 128, 331, 311, 44, 0.07%, 3, 1, 3, 136.88
1619072737, 0, 128, 333, 313, 44, 0.07%, 3, 1, 3, 86.61
1619077232, 0, 135, 333, 312, 45, 0.07%, 3, 1, 3, 90.94
1619077595, 0, 135, 334, 313, 45, 0.07%, 3, 1, 3, 85.97
1619083996, 0, 137, 334, 312, 45, 0.07%, 3, 1, 3, 74.60
1619084047, 0, 137, 335, 313, 45, 0.07%, 3, 1, 3, 98.59
1619084462, 0, 145, 336, 313, 44, 0.07%, 3, 1, 3, 103.07
1619084467, 0, 145, 337, 314, 44, 0.07%, 3, 1, 3, 71.68
1619084472, 0, 145, 338, 315, 44, 0.07%, 3, 1, 3, 89.74
1619084478, 0, 145, 339, 316, 44, 0.07%, 3, 1, 3, 67.18
1619084483, 0, 145, 340, 317, 44, 0.07%, 3, 1, 3, 55.08
1619084519, 0, 145, 342, 319, 44, 0.07%, 3, 1, 3, 67.86
1619084544, 0, 145, 343, 320, 44, 0.07%, 3, 1, 3, 72.46
1619084590, 0, 145, 344, 321, 44, 0.07%, 3, 1, 3, 60.95
1619084621, 0, 145, 346, 323, 44, 0.07%, 3, 1, 3, 62.03
1619084734, 0, 145, 347, 324, 44, 0.07%, 3, 1, 3, 61.91
1619084744, 0, 145, 348, 325, 44, 0.07%, 3, 1, 3, 61.08
1619084755, 0, 145, 350, 327, 44, 0.08%, 3, 1, 3, 48.78
1619084765, 0, 145, 351, 328, 44, 0.08%, 3, 1, 3, 45.95
1619084770, 0, 145, 353, 330, 44, 0.08%, 3, 1, 3, 50.73
1619084790, 0, 145, 354, 331, 44, 0.08%, 3, 1, 3, 45.96
1619085082, 0, 150, 354, 330, 50, 0.08%, 3, 1, 3, 106.46
1619085169, 0, 150, 355, 331, 50, 0.08%, 3, 1, 3, 90.04
1619085487, 0, 150, 356, 332, 50, 0.08%, 3, 1, 3, 77.75
1619089725, 0, 150, 357, 333, 50, 0.08%, 3, 1, 3, 95.85
1619089751, 0, 170, 357, 332, 51, 0.08%, 3, 1, 3, 89.88
1619090249, 0, 175, 357, 331, 50, 0.08%, 3, 1, 3, 158.59
1619090254, 0, 175, 357, 331, 50, 0.08%, 4, 1, 3, 97.50
1619090305, 0, 175, 357, 331, 50, 0.08%, 5, 1, 3, 78.77
1619090656, 0, 175, 358, 332, 50, 0.08%, 5, 1, 3, 78.15
1619091191, 0, 175, 359, 333, 50, 0.08%, 5, 1, 3, 75.80
1619091304, 0, 175, 360, 334, 50, 0.08%, 5, 1, 3, 77.13
1619091386, 0, 175, 361, 335, 50, 0.08%, 5, 1, 3, 80.26
1619095014, 0, 178, 361, 334, 49, 0.08%, 5, 1, 3, 81.35
1619095040, 0, 178, 362, 335, 49, 0.08%, 5, 1, 3, 82.15
1619095117, 0, 178, 363, 336, 49, 0.08%, 5, 1, 3, 75.53
1619095133, 0, 178, 364, 337, 49, 0.08%, 5, 1, 3, 80.39
1619095164, 0, 178, 365, 338, 49, 0.08%, 5, 1, 3, 81.03
1619095179, 0, 178, 366, 339, 49, 0.08%, 5, 1, 3, 80.89
1619095983, 0, 178, 367, 340, 49, 0.08%, 5, 1, 3, 60.62
1619096194, 0, 178, 368, 341, 49, 0.08%, 5, 1, 3, 78.28
1619096229, 0, 178, 369, 342, 49, 0.08%, 5, 1, 3, 81.01
1619101606, 0, 178, 371, 344, 49, 0.08%, 5, 1, 3, 86.81
1619101611, 0, 178, 373, 346, 49, 0.08%, 5, 1, 3, 91.30
1619101617, 0, 178, 374, 347, 49, 0.08%, 5, 1, 3, 89.91
1619101637, 0, 178, 375, 348, 49, 0.08%, 5, 1, 3, 92.46
1619101648, 0, 178, 376, 349, 49, 0.08%, 5, 1, 3, 91.76
1619101766, 0, 178, 377, 350, 49, 0.08%, 5, 1, 3, 91.56
1619101817, 0, 178, 378, 351, 49, 0.08%, 5, 1, 3, 92.38
1619102471, 0, 180, 378, 350, 51, 0.08%, 5, 1, 3, 86.60
1619103739, 0, 180, 379, 351, 51, 0.08%, 5, 1, 3, 60.89
1619108636, 0, 180, 379, 351, 51, 0.08%, 6, 1, 3, 89.43
1619108662, 0, 199, 379, 350, 50, 0.08%, 6, 1, 3, 99.37
1619110168, 0, 214, 379, 349, 49, 0.08%, 6, 1, 3, 110.10
1619110173, 0, 214, 379, 349, 49, 0.08%, 7, 1, 3, 105.23
1619110203, 0, 214, 379, 349, 49, 0.08%, 8, 1, 3, 103.02
1619110803, 0, 216, 379, 348, 47, 0.08%, 8, 1, 3, 171.90
1619113581, 0, 222, 379, 347, 46, 0.08%, 8, 1, 3, 87.96
1619116249, 0, 233, 379, 346, 45, 0.08%, 8, 1, 3, 80.96
1619116254, 0, 233, 382, 349, 45, 0.08%, 8, 1, 3, 93.61
1619116285, 0, 233, 383, 350, 45, 0.08%, 8, 1, 3, 70.78
1619116372, 0, 233, 384, 351, 45, 0.08%, 8, 1, 3, 59.28
1619116654, 0, 239, 384, 350, 46, 0.08%, 8, 1, 3, 166.55
1619118161, 0, 264, 384, 349, 45, 0.08%, 8, 1, 3, 103.07
1619124563, 0, 264, 385, 350, 45, 0.08%, 8, 1, 3, 83.93
1619124619, 0, 269, 385, 349, 45, 0.08%, 8, 1, 3, 84.14
1619130308, 0, 269, 388, 352, 45, 0.08%, 8, 1, 3, 89.14
1619130395, 0, 269, 389, 353, 45, 0.08%, 8, 1, 3, 89.41
1619130406, 0, 269, 390, 354, 45, 0.08%, 8, 1, 3, 91.22
1619130411, 0, 269, 391, 355, 45, 0.08%, 8, 1, 3, 92.47
1619131157, 0, 269, 392, 356, 45, 0.08%, 8, 1, 3, 87.48
1619131177, 0, 270, 392, 355, 44, 0.08%, 8, 1, 3, 82.69
1619131381, 0, 270, 393, 356, 44, 0.08%, 8, 1, 3, 62.68
1619131386, 0, 270, 395, 358, 44, 0.08%, 8, 1, 3, 63.15
1619132479, 0, 272, 395, 357, 44, 0.08%, 8, 1, 3, 114.53
1619132746, 0, 273, 396, 357, 43, 0.08%, 8, 1, 4, 152.35
1619132986, 0, 273, 397, 358, 43, 0.08%, 8, 1, 4, 60.84
1619133052, 0, 275, 397, 357, 42, 0.08%, 8, 1, 4, 158.92
1619133580, 0, 279, 398, 357, 41, 0.08%, 8, 1, 4, 145.94
1619133586, 0, 279, 399, 358, 41, 0.08%, 9, 1, 4, 117.00
1619133755, 0, 279, 400, 359, 41, 0.08%, 9, 1, 4, 89.24
1619133821, 0, 279, 401, 360, 41, 0.08%, 9, 1, 4, 205.51
1619133836, 0, 281, 402, 360, 41, 0.08%, 9, 1, 4, 114.60
1619134237, 0, 284, 402, 359, 41, 0.08%, 9, 1, 4, 107.16
1619136543, 0, 287, 402, 358, 40, 0.08%, 9, 1, 4, 105.97
1619137957, 0, 287, 403, 359, 40, 0.08%, 9, 1, 4, 88.00
1619137963, 0, 287, 405, 361, 40, 0.08%, 9, 1, 4, 87.18
1619138967, 0, 287, 406, 362, 40, 0.08%, 9, 1, 4, 87.18
1619139018, 0, 290, 406, 361, 42, 0.08%, 9, 1, 4, 83.00
1619139156, 0, 290, 407, 362, 42, 0.08%, 9, 1, 4, 67.52
1619146196, 0, 292, 407, 361, 41, 0.08%, 9, 1, 4, 84.42
1619146206, 0, 292, 409, 363, 41, 0.08%, 9, 1, 4, 86.72
1619149343, 0, 292, 410, 364, 41, 0.08%, 9, 1, 4, 94.97
1619149348, 0, 292, 411, 365, 41, 0.08%, 9, 1, 4, 99.84
1619149368, 0, 292, 412, 366, 41, 0.08%, 9, 1, 4, 99.78
1619149383, 0, 292, 413, 367, 41, 0.08%, 9, 1, 4, 99.20
1619149577, 0, 292, 414, 368, 41, 0.08%, 9, 1, 4, 97.87
1619149597, 0, 292, 415, 369, 41, 0.08%, 9, 1, 4, 96.83
1619149622, 0, 292, 416, 370, 41, 0.08%, 9, 1, 4, 102.22
1619150133, 0, 293, 416, 369, 42, 0.08%, 9, 1, 4, 91.29
1619150204, 0, 293, 418, 371, 42, 0.08%, 9, 1, 4, 61.61
1619152919, 0, 301, 418, 370, 41, 0.08%, 9, 1, 4, 85.20
1619153324, 0, 302, 418, 369, 40, 0.08%, 9, 1, 4, 145.93
1619153349, 0, 302, 419, 370, 40, 0.08%, 9, 1, 4, 85.31
