# unix_time, cycles_done, cur_path, paths_total, pending_total, pending_favs, map_size, unique_crashes, unique_hangs, max_depth, execs_per_sec
1619695778, 0, 0, 1, 1, 1, 0.77%, 0, 0, 1, 36.20
1619695784, 0, 0, 5, 5, 1, 0.80%, 0, 0, 2, 50.80
1619695789, 0, 0, 6, 6, 1, 0.80%, 0, 0, 2, 51.23
1619695794, 0, 0, 7, 7, 1, 0.80%, 0, 0, 2, 52.68
1619695799, 0, 0, 8, 8, 1, 0.81%, 0, 0, 2, 55.80
1619695809, 0, 0, 9, 9, 1, 0.81%, 0, 0, 2, 51.19
1619695819, 0, 0, 10, 10, 1, 0.81%, 0, 0, 2, 39.77
1619695830, 0, 0, 11, 11, 1, 0.81%, 0, 0, 2, 19.19
1619695871, 0, 0, 12, 12, 1, 0.81%, 0, 0, 2, 15.15
1619695901, 0, 0, 13, 13, 1, 0.81%, 0, 0, 2, 15.99
1619696060, 0, 0, 14, 14, 1, 0.82%, 0, 0, 2, 14.46
1619696341, 0, 0, 21, 21, 1, 0.85%, 0, 0, 2, 41.31
1619696459, 0, 0, 22, 22, 1, 0.85%, 0, 0, 2, 16.68
1619696608, 0, 0, 23, 23, 1, 0.86%, 0, 0, 2, 16.22
1619696889, 0, 0, 26, 26, 1, 0.86%, 0, 0, 2, 206.13
1619696899, 0, 0, 27, 27, 1, 0.86%, 0, 0, 2, 151.29
1619696904, 0, 0, 34, 34, 1, 0.87%, 0, 0, 2, 160.02
1619696910, 0, 0, 45, 45, 1, 1.32%, 2, 0, 2, 15.69
1619696915, 0, 0, 50, 50, 1, 1.54%, 2, 0, 2, 76.26
1619696920, 0, 0, 57, 57, 1, 1.55%, 2, 0, 2, 97.14
1619696925, 0, 0, 62, 62, 1, 1.55%, 2, 0, 2, 93.45
1619696930, 0, 0, 71, 71, 1, 1.62%, 2, 0, 2, 104.11
1619696935, 0, 0, 74, 74, 1, 1.80%, 2, 0, 2, 103.20
1619696940, 0, 0, 79, 79, 1, 1.80%, 2, 0, 2, 136.11
1619698123, 0, 0, 80, 80, 1, 1.81%, 2, 0, 2, 15.99
1619698138, 0, 0, 81, 81, 1, 1.81%, 2, 0, 2, 16.28
1619698189, 0, 0, 82, 82, 1, 1.82%, 2, 0, 2, 15.63
1619707848, 0, 0, 83, 83, 1, 1.82%, 2, 0, 2, 15.61
1619708416, 0, 2, 83, 82, 37, 1.82%, 2, 0, 2, 946.25
1619708441, 0, 3, 83, 81, 36, 1.82%, 2, 0, 2, 322.34
1619709019, 0, 4, 83, 80, 35, 1.82%, 2, 0, 2, 16.08
1619710191, 0, 4, 84, 81, 35, 1.82%, 2, 0, 3, 97.26
1619710201, 0, 4, 85, 82, 35, 1.82%, 2, 0, 3, 116.04
1619721538, 0, 5, 85, 81, 34, 1.82%, 2, 0, 3, 16.41
1619722708, 0, 5, 85, 81, 34, 1.82%, 3, 0, 3, 86.02
1619734202, 0, 7, 86, 81, 33, 1.82%, 3, 0, 3, 761.00
1619734207, 0, 7, 87, 82, 33, 1.82%, 3, 0, 3, 1006.96
1619734217, 0, 7, 88, 83, 33, 1.82%, 3, 0, 3, 395.48
1619734273, 0, 8, 89, 83, 31, 1.82%, 3, 0, 3, 13.59
1619735639, 0, 8, 92, 86, 31, 1.83%, 4, 0, 3, 115.91
1619749099, 0, 19, 92, 85, 31, 1.83%, 4, 0, 3, 307.06
1619749170, 0, 19, 95, 88, 31, 1.83%, 4, 0, 3, 110.27
1619749190, 0, 19, 97, 90, 31, 1.83%, 4, 0, 3, 201.21
1619749580, 0, 21, 97, 89, 30, 1.83%, 4, 0, 3, 16.73
1619750559, 0, 21, 98, 90, 30, 1.83%, 4, 0, 3, 16.71
1619750748, 0, 21, 98, 90, 30, 1.83%, 5, 0, 3, 99.03
1619762275, 0, 22, 98, 89, 30, 1.83%, 5, 0, 3, 51.35
1619763419, 0, 22, 98, 89, 30, 1.83%, 6, 0, 3, 93.04
1619764644, 0, 22, 99, 90, 30, 1.83%, 6, 0, 3, 16.91
1619774886, 0, 24, 99, 89, 29, 1.83%, 6, 0, 3, 18.32
1619774967, 0, 24, 100, 90, 29, 1.83%, 6, 0, 3, 261.19
1619775945, 0, 25, 100, 89, 29, 1.83%, 6, 0, 3, 15.89
1619777842, 0, 25, 101, 90, 29, 1.83%, 6, 0, 3, 88.99
1619789627, 0, 30, 101, 89, 29, 1.83%, 6, 0, 3, 285.70
1619789729, 0, 30, 102, 90, 29, 1.83%, 6, 0, 3, 105.79
1619790221, 0, 31, 102, 89, 28, 1.83%, 6, 0, 3, 285.88
1619790374, 0, 31, 103, 90, 28, 1.84%, 6, 0, 3, 80.90
1619790379, 0, 31, 104, 91, 28, 1.84%, 6, 0, 3, 89.89
1619790384, 0, 31, 105, 92, 28, 1.84%, 6, 0, 3, 90.07
1619790405, 0, 31, 106, 93, 28, 1.84%, 7, 1, 3, 3.63
1619791673, 0, 34, 106, 92, 30, 1.84%, 7, 1, 3, 83.06
1619795308, 0, 39, 106, 91, 29, 1.84%, 7, 1, 3, 130.22
1619795445, 0, 39, 108, 93, 29, 1.84%, 7, 1, 3, 143.93
1619795470, 0, 39, 110, 95, 29, 1.84%, 8, 2, 3, 145.97
1619796636, 0, 40, 110, 94, 29, 1.84%, 8, 2, 3, 161.70
1619797038, 0, 40, 111, 95, 29, 1.85%, 8, 2, 3, 110.79
1619798895, 0, 41, 111, 94, 29, 1.85%, 8, 2, 3, 105.32
1619800951, 0, 42, 111, 93, 28, 1.85%, 8, 2, 3, 106.25
1619800972, 0, 42, 112, 94, 28, 1.85%, 8, 2, 3, 117.51
1619801053, 0, 42, 113, 95, 28, 1.85%, 8, 2, 3, 89.31
1619801338, 0, 42, 114, 96, 28, 1.85%, 8, 2, 3, 116.25
1619801379, 0, 42, 115, 97, 28, 1.85%, 8, 2, 3, 18.50
1619801491, 0, 42, 116, 98, 28, 1.85%, 8, 2, 3, 18.59
1619801532, 0, 42, 117, 99, 28, 1.85%, 8, 2, 3, 53.46
1619803016, 0, 47, 117, 98, 28, 1.85%, 8, 2, 3, 132.75
1619803164, 0, 47, 118, 99, 28, 1.85%, 8, 2, 3, 125.89
1619803434, 0, 47, 120, 101, 28, 2.10%, 8, 2, 3, 109.91
1619803439, 0, 47, 121, 102, 28, 2.13%, 8, 2, 3, 113.61
1619803454, 0, 47, 122, 103, 28, 2.13%, 8, 2, 3, 124.00
1619804386, 0, 48, 122, 102, 30, 2.13%, 8, 2, 3, 111.59
1619807059, 0, 49, 123, 102, 29, 2.13%, 8, 2, 3, 200.87
1619808531, 0, 49, 123, 102, 29, 2.13%, 9, 2, 3, 123.09
1619820613, 0, 50, 123, 101, 28, 2.13%, 9, 2, 3, 100.46
1619820838, 0, 50, 123, 101, 28, 2.13%, 10, 3, 3, 107.96
1619822678, 0, 51, 123, 100, 27, 2.13%, 10, 3, 3, 23.26
