# unix_time, cycles_done, cur_path, paths_total, pending_total, pending_favs, map_size, unique_crashes, unique_hangs, max_depth, execs_per_sec
1619011979, 0, 0, 1, 1, 1, 0.03%, 0, 0, 1, 0.18
1619011984, 0, 0, 19, 19, 1, 0.05%, 0, 0, 2, 77.28
1619011990, 0, 0, 26, 26, 1, 0.05%, 0, 0, 2, 85.99
1619011995, 0, 0, 27, 27, 1, 0.05%, 0, 0, 2, 88.29
1619012000, 0, 0, 28, 28, 1, 0.05%, 0, 0, 2, 88.37
1619012010, 0, 0, 33, 33, 1, 0.05%, 0, 0, 2, 82.96
1619012015, 0, 0, 37, 37, 1, 0.05%, 0, 0, 2, 85.24
1619012036, 0, 0, 43, 43, 1, 0.05%, 0, 0, 2, 81.09
1619012041, 0, 0, 44, 44, 1, 0.05%, 0, 0, 2, 85.65
1619012056, 0, 0, 46, 46, 1, 0.05%, 0, 0, 2, 87.35
1619012061, 0, 0, 47, 47, 1, 0.05%, 0, 0, 2, 84.52
1619012066, 0, 0, 51, 51, 1, 0.05%, 0, 0, 2, 84.14
1619012071, 0, 0, 61, 61, 1, 0.05%, 0, 0, 2, 87.70
1619012077, 0, 0, 64, 64, 1, 0.05%, 0, 0, 2, 71.91
1619012082, 0, 0, 66, 66, 1, 0.05%, 0, 0, 2, 83.58
1619012087, 0, 0, 69, 69, 1, 0.05%, 0, 0, 2, 87.51
1619012102, 0, 0, 70, 70, 1, 0.05%, 0, 0, 2, 89.33
1619012112, 0, 0, 71, 71, 1, 0.05%, 0, 0, 2, 89.25
1619012128, 0, 0, 72, 72, 1, 0.05%, 0, 0, 2, 88.70
1619012143, 0, 0, 73, 73, 1, 0.05%, 0, 0, 2, 90.08
1619012159, 0, 0, 75, 75, 1, 0.05%, 0, 0, 2, 81.50
1619012169, 0, 0, 78, 78, 1, 0.05%, 0, 0, 2, 81.32
1619012179, 0, 0, 79, 79, 1, 0.05%, 0, 0, 2, 89.11
1619012225, 0, 0, 84, 84, 1, 0.05%, 0, 0, 2, 75.87
1619012302, 0, 0, 85, 85, 1, 0.05%, 0, 0, 2, 69.43
1619012307, 0, 0, 100, 100, 1, 0.05%, 0, 0, 2, 73.11
1619012312, 0, 0, 112, 112, 1, 0.05%, 0, 0, 2, 73.55
1619012317, 0, 0, 113, 113, 1, 0.05%, 0, 0, 2, 71.15
1619012328, 0, 0, 114, 114, 1, 0.05%, 0, 0, 2, 66.55
1619012333, 0, 0, 117, 117, 1, 0.05%, 0, 0, 2, 65.01
1619012338, 0, 0, 120, 120, 1, 0.05%, 0, 0, 2, 68.64
1619012348, 0, 0, 121, 121, 1, 0.06%, 0, 0, 2, 78.18
1619012358, 0, 0, 123, 123, 1, 0.06%, 0, 0, 2, 78.98
1619012364, 0, 0, 124, 124, 1, 0.06%, 0, 0, 2, 79.65
1619012384, 0, 0, 125, 125, 1, 0.06%, 0, 0, 2, 73.35
1619012395, 0, 0, 126, 126, 1, 0.06%, 0, 0, 2, 70.82
1619012410, 0, 0, 127, 127, 1, 0.06%, 0, 0, 2, 66.40
1619012420, 0, 0, 128, 128, 1, 0.06%, 0, 0, 2, 65.92
1619012508, 0, 0, 129, 129, 1, 0.06%, 0, 0, 2, 66.90
1619012601, 0, 0, 130, 130, 1, 0.06%, 0, 0, 2, 66.52
1619012622, 0, 0, 131, 131, 1, 0.06%, 0, 0, 2, 66.90
1619012792, 0, 0, 132, 132, 1, 0.06%, 0, 0, 2, 66.37
1619012849, 0, 0, 134, 134, 1, 0.06%, 0, 0, 2, 122.00
1619012875, 0, 0, 135, 135, 1, 0.06%, 0, 0, 2, 57.92
1619012880, 0, 0, 138, 138, 1, 0.06%, 0, 0, 2, 55.73
1619012885, 0, 0, 140, 140, 1, 0.06%, 0, 0, 2, 54.77
1619012890, 0, 0, 146, 146, 1, 0.06%, 0, 0, 2, 55.02
1619012895, 0, 0, 148, 148, 1, 0.06%, 0, 0, 2, 55.35
1619012900, 0, 0, 155, 155, 1, 0.06%, 0, 0, 2, 57.45
1619012905, 0, 0, 162, 162, 1, 0.06%, 0, 0, 2, 57.54
1619012910, 0, 0, 166, 166, 1, 0.06%, 0, 0, 2, 63.36
1619012915, 0, 0, 170, 170, 1, 0.06%, 0, 0, 2, 64.20
1619012920, 0, 0, 173, 173, 1, 0.06%, 0, 0, 2, 62.51
1619012925, 0, 0, 176, 176, 1, 0.06%, 0, 0, 2, 58.37
1619012931, 0, 0, 177, 177, 1, 0.06%, 0, 0, 2, 57.46
1619012946, 0, 0, 178, 178, 1, 0.06%, 0, 0, 2, 56.79
1619013034, 0, 0, 179, 179, 1, 0.06%, 0, 0, 2, 56.51
1619013044, 0, 0, 180, 180, 1, 0.06%, 0, 0, 2, 56.17
1619013054, 0, 0, 181, 181, 1, 0.06%, 0, 0, 2, 55.02
1619013136, 0, 0, 182, 182, 1, 0.06%, 0, 0, 2, 66.59
1619015011, 0, 0, 183, 183, 1, 0.06%, 0, 0, 2, 65.41
1619017002, 0, 0, 185, 185, 1, 0.06%, 0, 0, 2, 65.78
1619017007, 0, 0, 186, 186, 1, 0.06%, 0, 0, 2, 63.04
1619017038, 0, 0, 192, 192, 1, 0.06%, 0, 0, 2, 78.42
1619017043, 0, 0, 197, 197, 1, 0.06%, 0, 0, 2, 90.19
1619017048, 0, 0, 201, 201, 1, 0.06%, 0, 0, 2, 89.05
1619017053, 0, 0, 203, 203, 1, 0.06%, 0, 0, 2, 88.49
1619017058, 0, 0, 207, 207, 1, 0.06%, 0, 0, 2, 90.05
1619017063, 0, 0, 208, 208, 1, 0.06%, 0, 0, 2, 89.27
1619017068, 0, 0, 210, 210, 1, 0.06%, 0, 0, 2, 89.39
1619017074, 0, 0, 211, 211, 1, 0.06%, 0, 0, 2, 93.15
1619017079, 0, 0, 215, 215, 1, 0.06%, 0, 0, 2, 89.03
1619017084, 0, 0, 216, 216, 1, 0.06%, 0, 0, 2, 92.23
1619017089, 0, 0, 217, 217, 1, 0.06%, 0, 0, 2, 90.62
1619017094, 0, 0, 218, 218, 1, 0.06%, 0, 0, 2, 89.92
1619017099, 0, 0, 219, 219, 1, 0.06%, 0, 0, 2, 91.91
1619017105, 0, 0, 221, 221, 1, 0.06%, 0, 0, 2, 93.26
1619017110, 0, 0, 224, 224, 1, 0.06%, 0, 0, 2, 87.08
1619017115, 0, 0, 225, 225, 1, 0.06%, 0, 0, 2, 91.64
1619017130, 0, 0, 226, 226, 1, 0.06%, 0, 0, 2, 88.37
1619017146, 0, 0, 227, 227, 1, 0.06%, 0, 0, 2, 92.27
1619017151, 0, 0, 228, 228, 1, 0.06%, 0, 0, 2, 88.36
1619017187, 0, 0, 229, 229, 1, 0.06%, 0, 0, 2, 90.31
1619017238, 0, 0, 230, 230, 1, 0.06%, 0, 0, 2, 88.91
1619017244, 0, 0, 230, 230, 1, 0.06%, 1, 0, 2, 91.60
1619017249, 0, 0, 231, 231, 1, 0.06%, 1, 0, 2, 91.39
1619017264, 0, 0, 232, 232, 1, 0.06%, 1, 0, 2, 91.63
1619017269, 0, 0, 233, 233, 1, 0.06%, 1, 0, 2, 90.17
1619017341, 0, 0, 234, 234, 1, 0.06%, 1, 0, 2, 89.95
1619017351, 0, 0, 235, 235, 1, 0.06%, 1, 0, 2, 88.77
1619017362, 0, 0, 236, 236, 1, 0.06%, 1, 0, 2, 90.97
1619017398, 0, 0, 237, 237, 1, 0.06%, 1, 0, 2, 89.93
1619017403, 0, 0, 238, 238, 1, 0.06%, 2, 0, 2, 92.63
1619017423, 0, 0, 239, 239, 1, 0.06%, 2, 0, 2, 89.12
1619017439, 0, 0, 240, 240, 1, 0.06%, 2, 0, 2, 89.92
1619017500, 0, 0, 241, 241, 1, 0.06%, 2, 0, 2, 87.17
1619017511, 0, 0, 242, 242, 1, 0.06%, 2, 0, 2, 88.16
1619017521, 0, 0, 243, 243, 1, 0.06%, 2, 0, 2, 90.73
1619017542, 0, 0, 245, 245, 1, 0.06%, 2, 0, 2, 91.27
1619017557, 0, 0, 247, 247, 1, 0.06%, 2, 0, 2, 89.50
1619017562, 0, 0, 248, 248, 1, 0.06%, 2, 0, 2, 88.66
1619017588, 0, 0, 249, 249, 1, 0.06%, 2, 0, 2, 88.57
1619017603, 0, 0, 250, 250, 1, 0.06%, 2, 0, 2, 89.58
1619017629, 0, 0, 251, 251, 1, 0.06%, 2, 0, 2, 92.10
1619017650, 0, 0, 252, 252, 1, 0.06%, 2, 0, 2, 93.13
1619017711, 0, 0, 253, 253, 1, 0.06%, 2, 0, 2, 88.54
1619017778, 0, 0, 254, 254, 1, 0.06%, 2, 0, 2, 91.20
1619017835, 0, 0, 255, 255, 1, 0.06%, 2, 0, 2, 90.59
1619017891, 0, 0, 257, 257, 1, 0.06%, 2, 0, 2, 89.87
1619017912, 0, 0, 258, 258, 1, 0.06%, 2, 0, 2, 91.02
1619017927, 0, 4, 258, 257, 55, 0.06%, 2, 0, 2, 89.56
1619018213, 0, 5, 258, 256, 53, 0.06%, 2, 0, 2, 175.31
1619018219, 0, 5, 259, 257, 53, 0.06%, 3, 0, 3, 135.03
1619018224, 0, 5, 261, 259, 53, 0.07%, 3, 0, 3, 103.93
1619018280, 0, 5, 262, 260, 53, 0.07%, 3, 0, 3, 73.14
1619018295, 0, 5, 263, 261, 53, 0.07%, 3, 0, 3, 92.09
1619018306, 0, 5, 264, 262, 53, 0.07%, 3, 0, 3, 90.09
1619018434, 0, 5, 265, 263, 53, 0.07%, 3, 0, 3, 76.16
1619018445, 0, 5, 267, 265, 53, 0.07%, 3, 0, 3, 198.72
1619018450, 0, 5, 268, 266, 53, 0.07%, 3, 0, 3, 206.90
1619018470, 0, 5, 269, 267, 53, 0.07%, 3, 0, 3, 204.77
1619018485, 0, 5, 270, 268, 53, 0.07%, 3, 0, 3, 206.66
1619018561, 0, 5, 271, 269, 53, 0.07%, 3, 0, 3, 208.66
1619018581, 0, 5, 272, 270, 53, 0.07%, 3, 0, 3, 209.62
1619018622, 0, 5, 273, 271, 53, 0.07%, 3, 0, 3, 207.37
1619018698, 0, 5, 274, 272, 53, 0.07%, 3, 0, 3, 205.55
1619018779, 0, 5, 275, 273, 53, 0.07%, 3, 0, 3, 208.12
1619018805, 0, 5, 276, 274, 53, 0.07%, 3, 0, 3, 200.44
1619018810, 0, 5, 277, 275, 53, 0.07%, 3, 0, 3, 197.06
1619018825, 0, 14, 277, 274, 53, 0.07%, 3, 0, 3, 117.86
1619018830, 0, 14, 278, 275, 53, 0.07%, 3, 0, 3, 96.11
1619018897, 0, 14, 279, 276, 53, 0.07%, 3, 0, 3, 65.23
1619018917, 0, 14, 280, 277, 53, 0.07%, 3, 0, 3, 76.59
1619019031, 0, 14, 281, 278, 53, 0.07%, 3, 0, 3, 66.69
1619019102, 0, 18, 281, 277, 54, 0.07%, 3, 0, 3, 127.85
1619019444, 0, 18, 282, 278, 54, 0.07%, 3, 0, 3, 97.60
1619019449, 0, 18, 283, 279, 54, 0.07%, 3, 0, 3, 79.17
1619023678, 0, 18, 284, 280, 54, 0.07%, 3, 0, 3, 87.87
1619023730, 0, 23, 284, 279, 54, 0.07%, 3, 0, 3, 83.52
1619024592, 0, 23, 285, 280, 54, 0.07%, 3, 0, 3, 76.89
1619028316, 0, 23, 286, 281, 54, 0.07%, 3, 0, 3, 93.34
1619028363, 0, 27, 286, 280, 52, 0.07%, 3, 0, 3, 93.07
1619031225, 0, 30, 286, 279, 52, 0.07%, 3, 0, 3, 100.78
1619031235, 0, 30, 287, 280, 52, 0.07%, 3, 0, 3, 80.02
1619031497, 0, 40, 287, 279, 52, 0.07%, 3, 0, 3, 195.47
1619031753, 0, 40, 288, 280, 52, 0.07%, 3, 0, 3, 68.62
1619031758, 0, 40, 289, 281, 52, 0.07%, 3, 0, 3, 109.41
1619031774, 0, 41, 289, 280, 50, 0.07%, 4, 0, 3, 115.44
1619031779, 0, 41, 289, 280, 50, 0.07%, 7, 0, 3, 96.44
1619031805, 0, 41, 289, 280, 50, 0.07%, 9, 0, 3, 91.99
1619032041, 0, 45, 289, 279, 49, 0.07%, 9, 0, 3, 197.73
1619032066, 0, 45, 290, 280, 49, 0.07%, 9, 0, 3, 85.23
1619036401, 0, 45, 291, 281, 49, 0.07%, 9, 0, 3, 92.57
1619036447, 0, 53, 291, 280, 49, 0.07%, 9, 0, 3, 96.26
1619036714, 0, 53, 292, 281, 49, 0.07%, 9, 0, 3, 178.94
1619036734, 0, 54, 292, 280, 48, 0.07%, 9, 0, 3, 132.64
1619037011, 0, 61, 293, 280, 47, 0.07%, 9, 0, 3, 125.41
1619037207, 0, 61, 294, 281, 47, 0.07%, 9, 0, 3, 69.68
1619037284, 0, 63, 294, 280, 47, 0.07%, 9, 0, 3, 114.81
1619037556, 0, 64, 294, 279, 46, 0.07%, 9, 0, 3, 116.65
1619037777, 0, 64, 295, 280, 46, 0.07%, 9, 0, 3, 70.69
1619037808, 0, 64, 296, 281, 46, 0.07%, 9, 0, 3, 129.07
1619037823, 0, 66, 296, 280, 45, 0.07%, 9, 0, 3, 113.52
1619037926, 0, 66, 297, 281, 45, 0.07%, 9, 0, 3, 85.69
1619042112, 0, 72, 297, 280, 45, 0.07%, 9, 0, 3, 89.07
1619042308, 0, 72, 298, 281, 45, 0.07%, 9, 0, 3, 84.12
1619046392, 0, 72, 299, 282, 45, 0.07%, 9, 0, 3, 95.25
1619046423, 0, 72, 301, 284, 45, 0.07%, 9, 0, 3, 97.18
1619046464, 0, 72, 302, 285, 45, 0.07%, 9, 0, 3, 96.80
1619046505, 0, 72, 303, 286, 45, 0.07%, 9, 0, 3, 99.11
1619046746, 0, 72, 304, 287, 45, 0.07%, 9, 0, 3, 99.20
1619046838, 0, 72, 305, 288, 45, 0.07%, 9, 0, 3, 95.24
1619046874, 0, 72, 306, 289, 45, 0.07%, 9, 0, 3, 98.31
1619046936, 0, 72, 307, 290, 45, 0.07%, 9, 0, 3, 96.56
1619046997, 0, 72, 308, 291, 45, 0.07%, 9, 0, 3, 96.82
1619047059, 0, 72, 309, 292, 45, 0.07%, 9, 0, 3, 98.51
1619047192, 0, 75, 309, 291, 45, 0.07%, 9, 0, 3, 98.16
1619047371, 0, 77, 309, 290, 44, 0.07%, 9, 0, 3, 192.05
1619047560, 0, 78, 309, 289, 43, 0.07%, 9, 0, 3, 162.04
1619047715, 0, 87, 309, 288, 42, 0.07%, 9, 0, 3, 111.87
1619050179, 0, 106, 309, 287, 41, 0.07%, 9, 0, 3, 135.62
1619050235, 0, 106, 310, 288, 41, 0.07%, 9, 0, 3, 74.08
1619050328, 0, 106, 310, 288, 41, 0.07%, 10, 0, 3, 96.61
1619050400, 0, 120, 310, 287, 39, 0.07%, 10, 0, 3, 157.43
1619051063, 0, 120, 311, 288, 39, 0.07%, 10, 0, 3, 86.70
1619054733, 0, 139, 311, 287, 39, 0.07%, 10, 0, 3, 91.33
1619054743, 0, 139, 312, 288, 39, 0.07%, 10, 0, 3, 102.91
1619054753, 0, 139, 313, 289, 39, 0.07%, 10, 0, 3, 61.95
1619054784, 0, 139, 315, 291, 39, 0.07%, 10, 0, 3, 77.23
1619054810, 0, 139, 316, 292, 39, 0.07%, 10, 0, 3, 74.24
1619054851, 0, 139, 317, 293, 39, 0.07%, 10, 0, 3, 67.85
1619054877, 0, 139, 318, 294, 39, 0.07%, 10, 0, 3, 70.56
1619054980, 0, 139, 319, 295, 39, 0.07%, 10, 0, 3, 67.88
1619054991, 0, 139, 320, 296, 39, 0.07%, 10, 0, 3, 68.12
1619054996, 0, 139, 322, 298, 39, 0.07%, 10, 0, 3, 56.87
1619055001, 0, 139, 323, 299, 39, 0.07%, 10, 0, 3, 49.66
1619055011, 0, 139, 326, 302, 39, 0.08%, 10, 0, 3, 49.96
1619055016, 0, 139, 327, 303, 39, 0.08%, 10, 0, 3, 62.86
1619055031, 0, 139, 328, 304, 39, 0.08%, 10, 0, 3, 48.54
1619055293, 0, 170, 328, 303, 42, 0.08%, 10, 0, 3, 113.23
1619055319, 0, 170, 329, 304, 42, 0.08%, 10, 0, 3, 78.25
1619055396, 0, 170, 330, 305, 42, 0.08%, 10, 0, 3, 82.64
1619055412, 0, 170, 331, 306, 42, 0.08%, 10, 0, 3, 79.74
1619055443, 0, 170, 332, 307, 42, 0.08%, 10, 0, 3, 80.66
1619055458, 0, 170, 333, 308, 42, 0.08%, 10, 0, 3, 80.98
1619055701, 0, 170, 334, 309, 42, 0.08%, 10, 0, 3, 83.89
1619056201, 0, 170, 335, 310, 42, 0.08%, 10, 0, 3, 67.87
1619056401, 0, 170, 336, 311, 42, 0.08%, 10, 0, 3, 78.38
1619056437, 0, 170, 337, 312, 42, 0.08%, 10, 0, 3, 82.23
1619060153, 0, 170, 339, 314, 42, 0.08%, 10, 0, 3, 90.90
1619060203, 0, 170, 340, 315, 42, 0.08%, 10, 0, 3, 103.60
1619060214, 0, 170, 341, 316, 42, 0.08%, 10, 0, 3, 103.79
1619060224, 0, 170, 342, 317, 42, 0.08%, 10, 0, 3, 101.90
1619060239, 0, 170, 343, 318, 42, 0.08%, 10, 0, 3, 102.66
1619060259, 0, 170, 344, 319, 42, 0.08%, 10, 0, 3, 103.71
1619060264, 0, 170, 345, 320, 42, 0.08%, 10, 0, 3, 101.50
1619060269, 0, 170, 346, 321, 42, 0.08%, 10, 0, 3, 103.18
1619060285, 0, 170, 346, 321, 42, 0.08%, 11, 0, 3, 102.77
1619060300, 0, 170, 347, 322, 42, 0.08%, 11, 0, 3, 99.71
1619060396, 0, 170, 348, 323, 42, 0.08%, 11, 0, 3, 101.23
1619060422, 0, 170, 349, 324, 42, 0.08%, 11, 0, 3, 101.14
1619060483, 0, 170, 350, 325, 42, 0.08%, 11, 0, 3, 102.35
1619060662, 0, 170, 351, 326, 42, 0.08%, 11, 0, 3, 95.55
1619060857, 0, 170, 352, 327, 42, 0.08%, 11, 0, 3, 102.19
1619060902, 0, 170, 353, 328, 42, 0.08%, 11, 0, 3, 101.06
1619060949, 0, 172, 353, 327, 43, 0.08%, 11, 0, 3, 92.02
1619061816, 0, 172, 354, 328, 43, 0.08%, 11, 0, 3, 70.43
1619065742, 0, 181, 354, 327, 42, 0.08%, 11, 0, 3, 94.87
1619066165, 0, 181, 355, 328, 42, 0.08%, 11, 0, 3, 89.98
1619066418, 0, 181, 356, 329, 42, 0.08%, 11, 0, 3, 90.17
1619070239, 0, 189, 356, 328, 43, 0.08%, 11, 0, 3, 103.13
1619071767, 0, 199, 356, 327, 42, 0.08%, 11, 0, 3, 90.82
1619074511, 0, 207, 356, 326, 41, 0.08%, 11, 0, 3, 104.13
1619074516, 0, 207, 356, 326, 41, 0.08%, 12, 0, 3, 101.01
1619074567, 0, 207, 356, 326, 41, 0.08%, 13, 0, 3, 100.56
1619076069, 0, 231, 356, 325, 40, 0.08%, 13, 0, 3, 108.99
1619080315, 0, 231, 357, 326, 40, 0.08%, 13, 0, 3, 98.17
1619080320, 0, 231, 358, 327, 40, 0.08%, 13, 0, 3, 101.97
1619080375, 0, 231, 359, 328, 40, 0.08%, 13, 0, 3, 100.83
1619080508, 0, 236, 359, 327, 40, 0.08%, 13, 0, 3, 96.56
1619082381, 0, 236, 360, 328, 40, 0.08%, 13, 0, 3, 83.65
1619085182, 0, 236, 361, 329, 40, 0.08%, 13, 0, 3, 93.28
1619085228, 0, 236, 362, 330, 40, 0.08%, 13, 0, 3, 91.71
1619085280, 0, 243, 362, 329, 41, 0.08%, 13, 0, 3, 94.42
1619085860, 0, 243, 364, 331, 41, 0.08%, 13, 0, 3, 86.70
1619085865, 0, 243, 366, 333, 41, 0.08%, 13, 0, 3, 86.58
1619087591, 0, 258, 366, 332, 43, 0.08%, 13, 0, 3, 123.63
1619087750, 0, 258, 367, 333, 43, 0.08%, 13, 0, 4, 91.56
1619087811, 0, 259, 367, 332, 42, 0.08%, 13, 0, 4, 201.40
1619087816, 0, 259, 370, 335, 42, 0.08%, 13, 0, 4, 105.36
1619087821, 0, 259, 371, 336, 42, 0.08%, 13, 0, 4, 88.76
1619087842, 0, 259, 372, 337, 42, 0.08%, 13, 0, 4, 125.52
1619087934, 0, 259, 373, 338, 42, 0.08%, 13, 0, 4, 66.82
1619088092, 0, 260, 373, 337, 42, 0.08%, 13, 0, 4, 152.65
1619088097, 0, 260, 374, 338, 42, 0.08%, 14, 0, 4, 117.65
1619088256, 0, 260, 376, 340, 42, 0.08%, 14, 0, 4, 94.67
1619088307, 0, 260, 378, 342, 42, 0.08%, 14, 0, 4, 164.49
1619088352, 0, 261, 378, 341, 42, 0.08%, 14, 0, 4, 140.15
1619088583, 0, 261, 379, 342, 42, 0.08%, 14, 0, 4, 53.66
1619088588, 0, 261, 380, 343, 42, 0.08%, 14, 0, 4, 62.18
1619088593, 0, 261, 381, 344, 42, 0.08%, 14, 0, 4, 57.60
1619088613, 0, 261, 382, 345, 42, 0.08%, 14, 0, 4, 57.40
1619088828, 0, 265, 382, 344, 42, 0.08%, 14, 0, 4, 143.40
1619089525, 0, 265, 383, 345, 42, 0.08%, 14, 0, 4, 159.38
1619089546, 0, 266, 383, 344, 41, 0.08%, 14, 0, 4, 107.61
1619090004, 0, 266, 383, 344, 41, 0.08%, 15, 0, 4, 95.02
1619090189, 0, 267, 383, 343, 40, 0.08%, 15, 0, 4, 137.31
1619090470, 0, 268, 383, 342, 39, 0.08%, 15, 0, 4, 127.06
1619090769, 0, 272, 383, 341, 38, 0.08%, 15, 0, 4, 116.20
1619090856, 0, 272, 384, 342, 38, 0.08%, 15, 0, 4, 95.63
1619091481, 0, 274, 384, 341, 38, 0.08%, 15, 0, 4, 142.92
1619091542, 0, 274, 385, 342, 38, 0.08%, 15, 0, 4, 76.11
1619091696, 0, 274, 386, 343, 38, 0.08%, 15, 0, 4, 190.04
1619091716, 0, 275, 386, 342, 38, 0.08%, 15, 0, 4, 150.96
1619091742, 0, 275, 386, 342, 38, 0.08%, 16, 0, 4, 99.24
1619091808, 0, 275, 387, 343, 38, 0.08%, 16, 0, 4, 77.53
1619092137, 0, 277, 387, 342, 37, 0.08%, 16, 0, 4, 166.09
1619092142, 0, 277, 388, 343, 37, 0.08%, 16, 0, 4, 129.59
1619092413, 0, 278, 388, 342, 37, 0.08%, 16, 0, 4, 121.25
1619092865, 0, 279, 388, 341, 36, 0.08%, 16, 0, 4, 118.97
1619093358, 0, 286, 388, 340, 35, 0.08%, 16, 0, 4, 112.98
1619093615, 0, 291, 388, 339, 34, 0.08%, 16, 0, 4, 159.58
1619093891, 0, 292, 388, 338, 33, 0.08%, 16, 0, 4, 112.95
1619094164, 0, 295, 388, 337, 32, 0.08%, 16, 0, 4, 115.19
1619094850, 0, 296, 388, 336, 31, 0.08%, 16, 0, 4, 112.14
1619094968, 0, 296, 389, 337, 31, 0.08%, 16, 0, 4, 85.82
1619099173, 0, 296, 390, 338, 31, 0.08%, 16, 0, 4, 101.57
1619099208, 0, 298, 390, 337, 30, 0.08%, 16, 0, 4, 106.85
1619099213, 0, 298, 393, 340, 30, 0.08%, 16, 0, 4, 85.30
1619099229, 0, 298, 394, 341, 30, 0.08%, 16, 0, 4, 81.22
1619099855, 0, 298, 395, 342, 30, 0.08%, 16, 0, 4, 67.47
1619099870, 0, 298, 396, 343, 30, 0.08%, 16, 0, 4, 67.93
1619099901, 0, 298, 397, 344, 30, 0.08%, 16, 0, 4, 111.48
1619099931, 0, 305, 397, 343, 30, 0.08%, 16, 0, 4, 121.75
1619099942, 0, 305, 398, 344, 30, 0.08%, 16, 0, 4, 71.75
1619106336, 0, 309, 398, 343, 30, 0.08%, 16, 0, 4, 80.17
1619106566, 0, 309, 399, 344, 30, 0.08%, 16, 0, 4, 52.77
1619106815, 0, 310, 399, 343, 29, 0.08%, 16, 0, 4, 112.05
1619107295, 0, 310, 400, 344, 29, 0.08%, 16, 0, 4, 85.97
1619111197, 0, 321, 401, 344, 28, 0.08%, 16, 0, 4, 81.96
1619111885, 0, 322, 401, 343, 27, 0.08%, 16, 0, 4, 99.21
1619112573, 0, 323, 401, 342, 26, 0.08%, 16, 0, 4, 121.86
1619112578, 0, 323, 402, 343, 26, 0.08%, 16, 0, 4, 76.19
1619112588, 0, 323, 403, 344, 26, 0.08%, 16, 0, 4, 60.55
1619112619, 0, 323, 404, 345, 26, 0.08%, 16, 0, 4, 48.75
1619112649, 0, 323, 405, 346, 26, 0.08%, 16, 0, 4, 54.31
1619112674, 0, 323, 407, 348, 26, 0.08%, 16, 0, 4, 55.49
1619112751, 0, 323, 409, 350, 26, 0.08%, 16, 0, 4, 60.49
1619113264, 0, 323, 410, 351, 26, 0.08%, 16, 0, 4, 53.37
1619113269, 0, 323, 411, 352, 26, 0.08%, 16, 0, 4, 49.55
1619113279, 0, 323, 412, 353, 26, 0.08%, 16, 0, 4, 55.10
1619113299, 0, 323, 413, 354, 26, 0.08%, 16, 0, 4, 47.78
1619113310, 0, 323, 414, 355, 26, 0.08%, 16, 0, 4, 69.39
1619113592, 0, 329, 414, 354, 27, 0.08%, 16, 0, 4, 115.31
1619114012, 0, 342, 414, 353, 26, 0.08%, 16, 0, 4, 166.39
1619114017, 0, 342, 419, 358, 26, 0.08%, 16, 0, 4, 100.54
1619119294, 0, 342, 420, 359, 26, 0.08%, 16, 0, 4, 91.40
1619119299, 0, 342, 421, 360, 26, 0.08%, 16, 0, 4, 96.04
1619119309, 0, 342, 422, 361, 26, 0.08%, 16, 0, 4, 98.49
1619119375, 0, 342, 423, 362, 26, 0.08%, 16, 0, 4, 98.80
1619119390, 0, 342, 424, 363, 26, 0.08%, 16, 0, 4, 97.95
1619119626, 0, 342, 425, 364, 26, 0.08%, 16, 0, 4, 105.00
1619119753, 0, 342, 426, 365, 26, 0.08%, 16, 0, 4, 94.95
1619120096, 0, 353, 426, 364, 26, 0.08%, 16, 0, 4, 81.61
1619120361, 0, 353, 427, 365, 26, 0.08%, 16, 0, 4, 52.87
1619120880, 0, 353, 428, 366, 26, 0.08%, 16, 0, 4, 58.32
1619121956, 0, 353, 429, 367, 26, 0.08%, 16, 0, 4, 49.06
1619121961, 0, 353, 430, 368, 26, 0.08%, 16, 0, 4, 57.65
1619128409, 0, 354, 430, 367, 26, 0.08%, 16, 0, 4, 84.79
1619131106, 0, 354, 431, 368, 26, 0.08%, 16, 0, 4, 84.07
1619133149, 0, 355, 431, 367, 25, 0.08%, 16, 0, 4, 88.75
1619133175, 0, 355, 432, 368, 25, 0.08%, 16, 0, 4, 83.61
1619133923, 0, 355, 433, 369, 25, 0.08%, 16, 0, 4, 85.20
1619137872, 0, 355, 434, 370, 25, 0.08%, 16, 0, 4, 88.82
1619137924, 0, 356, 434, 369, 25, 0.08%, 16, 0, 4, 89.13
1619142253, 0, 356, 435, 370, 25, 0.08%, 16, 0, 4, 92.42
1619142259, 0, 356, 436, 371, 25, 0.08%, 16, 0, 4, 95.30
1619142356, 0, 360, 436, 370, 24, 0.08%, 16, 0, 4, 88.51
1619147228, 0, 361, 436, 369, 23, 0.08%, 16, 0, 4, 92.83
1619152534, 0, 362, 436, 368, 22, 0.08%, 16, 0, 4, 87.59
1619152550, 0, 362, 437, 369, 22, 0.08%, 16, 0, 4, 85.88
